100
1	maps/smallMaps/012.map	10228	15652	126.6	8.504854
2	maps/smallMaps/012.map	8623	19469	121.6	26.081633
3	maps/smallMaps/012.map	13895	7575	130.0	15.427273
4	maps/smallMaps/012.map	19926	13947	106.8	18.011364
5	maps/smallMaps/012.map	10624	8165	105.4	11.736264
6	maps/smallMaps/012.map	4654	16233	103.8	10.609195
7	maps/smallMaps/012.map	4802	17718	114.4	10.957447
8	maps/smallMaps/012.map	12007	16629	116.4	16.145833
9	maps/smallMaps/012.map	18163	11141	110.2	29.482759
10	maps/smallMaps/012.map	10311	11723	100.4	21.197674
11	maps/smallMaps/012.map	12851	10523	141.6	27.596491
12	maps/smallMaps/012.map	11416	12063	106.0	23.909091
13	maps/smallMaps/012.map	7309	18736	100.0	19.619048
14	maps/smallMaps/012.map	10072	12376	105.8	9.146067
15	maps/smallMaps/012.map	14491	9222	111.4	18.578947
16	maps/smallMaps/012.map	14034	9789	130.2	25.523364
17	maps/smallMaps/012.map	9637	18897	140.0	12.956897
18	maps/smallMaps/012.map	6543	19913	134.8	23.527273
19	maps/smallMaps/012.map	8182	12708	115.2	27.130435
20	maps/smallMaps/012.map	14035	9804	111.4	20.913978
21	maps/smallMaps/012.map	19916	5257	128.4	27.226415
22	maps/smallMaps/012.map	12544	11873	105.8	31.044944
23	maps/smallMaps/012.map	15081	10989	124.8	24.617647
24	maps/smallMaps/012.map	8539	10519	105.6	12.51087
25	maps/smallMaps/012.map	12115	4495	123.8	13.626263
26	maps/smallMaps/012.map	6145	18436	113.0	21.615385
27	maps/smallMaps/012.map	4660	14780	118.8	14.183673
28	maps/smallMaps/012.map	17100	11129	101.6	21.813953
29	maps/smallMaps/012.map	13306	11567	144.8	28.908333
30	maps/smallMaps/012.map	19485	4812	125.2	26.59434
31	maps/smallMaps/012.map	4936	16250	109.0	8.563218
32	maps/smallMaps/012.map	10623	12901	117.0	28.949495
33	maps/smallMaps/012.map	19913	7880	125.6	15.769231
34	maps/smallMaps/012.map	17845	10255	105.0	24.447059
35	maps/smallMaps/012.map	4369	13741	120.2	16.680412
36	maps/smallMaps/012.map	16401	6285	101.6	20.3875
37	maps/smallMaps/012.map	19762	9809	120.4	20.346939
38	maps/smallMaps/012.map	19178	5398	118.8	23.69
39	maps/smallMaps/012.map	6127	17867	104.0	8.186047
40	maps/smallMaps/012.map	7286	20518	128.0	15.118182
41	maps/smallMaps/012.map	5380	18874	121.2	29.09
42	maps/smallMaps/012.map	6099	10326	103.0	11.597701
43	maps/smallMaps/012.map	9936	17387	116.4	14.197917
44	maps/smallMaps/012.map	13741	13358	103.0	15.988506
45	maps/smallMaps/012.map	4950	17139	115.0	8.56044
46	maps/smallMaps/012.map	19029	5967	116.2	10.926316
47	maps/smallMaps/012.map	13356	13747	111.6	11.708333
48	maps/smallMaps/012.map	6286	17426	102.8	6.119048
49	maps/smallMaps/012.map	9052	19333	132.0	14.419643
50	maps/smallMaps/012.map	9804	19609	127.6	28.048077
51	maps/smallMaps/012.map	10082	11619	106.6	23.022472
52	maps/smallMaps/012.map	10815	13501	101.8	12.180723
53	maps/smallMaps/012.map	16255	8759	125.2	24.264706
54	maps/smallMaps/012.map	18728	4637	125.0	12.873786
55	maps/smallMaps/012.map	19045	10828	131.6	24.527273
56	maps/smallMaps/012.map	18273	11426	115.6	20.760417
57	maps/smallMaps/012.map	16927	6556	101.4	15.313253
58	maps/smallMaps/012.map	16538	10672	132.2	32.311927
59	maps/smallMaps/012.map	19325	7456	104.6	12.448276
60	maps/smallMaps/012.map	13755	5238	124.6	12.952381
61	maps/smallMaps/012.map	10368	15188	119.8	9.039604
62	maps/smallMaps/012.map	13902	8342	107.2	10.877778
63	maps/smallMaps/012.map	18150	4790	112.6	15.876289
64	maps/smallMaps/012.map	10680	14745	100.4	10.802326
65	maps/smallMaps/012.map	3321	12400	106.2	11.483146
66	maps/smallMaps/012.map	13601	7725	130.4	15.454545
67	maps/smallMaps/012.map	5098	20203	133.8	27.678899
68	maps/smallMaps/012.map	16522	6848	102.6	21.658824
69	maps/smallMaps/012.map	3753	18445	122.4	15.886792
70	maps/smallMaps/012.map	17853	7285	111.4	14.752688
71	maps/smallMaps/012.map	5559	16692	112.2	5.781609
72	maps/smallMaps/012.map	4045	16380	108.2	9.241758
73	maps/smallMaps/012.map	18898	8755	132.0	22.227273
74	maps/smallMaps/012.map	11872	10878	101.0	25.141176
75	maps/smallMaps/012.map	15178	10072	111.8	23.333333
76	maps/smallMaps/012.map	14910	8907	109.0	24.58427
77	maps/smallMaps/012.map	17865	5391	109.8	23.406593
78	maps/smallMaps/012.map	3177	12544	101.2	10.581395
79	maps/smallMaps/012.map	12413	9811	114.8	21.445652
80	maps/smallMaps/012.map	17285	8768	117.0	25.378947
81	maps/smallMaps/012.map	16943	9789	114.0	19.968085
82	maps/smallMaps/012.map	8781	19481	101.6	12.443182
83	maps/smallMaps/012.map	19341	8018	129.6	16.490909
84	maps/smallMaps/012.map	16987	7729	115.4	19.926316
85	maps/smallMaps/012.map	9230	19167	104.8	27.690476
86	maps/smallMaps/012.map	19322	10832	131.6	24.333333
87	maps/smallMaps/012.map	14396	16545	102.6	3.505882
88	maps/smallMaps/012.map	18897	5412	123.8	31.306931
89	maps/smallMaps/012.map	10843	18120	104.2	19.60241
90	maps/smallMaps/012.map	17700	6275	100.8	17.666667
91	maps/smallMaps/012.map	7139	19318	126.4	26.480392
92	maps/smallMaps/012.map	10834	17866	118.0	10.354167
93	maps/smallMaps/012.map	13797	20219	111.6	11.478261
94	maps/smallMaps/012.map	11266	16802	111.2	10.585106
95	maps/smallMaps/012.map	13304	8196	101.2	10.414634
96	maps/smallMaps/012.map	18734	5684	113.0	18.831579
97	maps/smallMaps/012.map	15457	10820	103.4	17.022989
98	maps/smallMaps/012.map	9054	17832	112.2	15.645161
99	maps/smallMaps/012.map	16392	10402	102.0	27.97561
100	maps/smallMaps/012.map	8328	19037	112.0	15.382979
