1250
1	maps/mazes/maze_000.map	59086	50210	1303.2	8.739518287243532
2	maps/mazes/maze_000.map	46166	3582	1018.0	26.030786773090078
3	maps/mazes/maze_000.map	43715	5342	1708.4	17.319076714188732
4	maps/mazes/maze_000.map	2108	53908	1000.2	31.96412037037037
5	maps/mazes/maze_000.map	52324	24815	1457.4	23.86198738170347
6	maps/mazes/maze_000.map	39959	2295	1442.0	15.925506072874494
7	maps/mazes/maze_000.map	40286	39426	1018.0	27.02555168408827
8	maps/mazes/maze_000.map	57820	41608	1020.6	2.8413242009132422
9	maps/mazes/maze_000.map	63998	53144	1792.4	17.89786683904331
10	maps/mazes/maze_000.map	13418	65228	1000.0	30.339884393063585
11	maps/mazes/maze_000.map	29929	2785	1032.0	13.267637178051512
12	maps/mazes/maze_000.map	24280	47318	1637.4	21.26437587657784
13	maps/mazes/maze_000.map	40466	2734	1499.2	17.38953942232631
14	maps/mazes/maze_000.map	3266	63520	1175.8	21.594302554027504
15	maps/mazes/maze_000.map	33018	45866	1103.6	18.566353187042843
16	maps/mazes/maze_000.map	29362	39070	1146.8	23.1981981981982
17	maps/mazes/maze_000.map	64536	58010	1091.6	17.634146341463413
18	maps/mazes/maze_000.map	59568	55572	1070.0	18.188389923329684
19	maps/mazes/maze_000.map	43708	35110	1252.8	10.955678670360111
20	maps/mazes/maze_000.map	61884	27331	1314.6	22.093859649122805
21	maps/mazes/maze_000.map	31688	60073	1297.4	22.68141592920354
22	maps/mazes/maze_000.map	21752	63766	1406.8	19.373877551020406
23	maps/mazes/maze_000.map	1578	39700	1081.4	30.37121212121212
24	maps/mazes/maze_000.map	31477	62466	1377.2	18.55322715842414
25	maps/mazes/maze_000.map	63720	182	1842.0	14.586641461877758
26	maps/mazes/maze_000.map	64666	11980	1219.2	19.67360454115421
27	maps/mazes/maze_000.map	40989	28399	1177.6	30.450344149459195
28	maps/mazes/maze_000.map	64053	2310	1130.6	11.789634146341463
29	maps/mazes/maze_000.map	36589	54506	1682.4	19.72460804362645
30	maps/mazes/maze_000.map	60063	37628	1472.4	23.352068696330992
31	maps/mazes/maze_000.map	22736	48327	1676.4	21.91649413388544
32	maps/mazes/maze_000.map	17489	50895	1328.0	28.02532751091703
33	maps/mazes/maze_000.map	16570	52410	1212.0	26.744497607655504
34	maps/mazes/maze_000.map	64546	956	1091.0	18.771186440677965
35	maps/mazes/maze_000.map	10997	48808	1066.8	25.205597416576964
36	maps/mazes/maze_000.map	42632	5538	1075.8	28.69073275862069
37	maps/mazes/maze_000.map	56460	24826	1703.2	21.14256619144603
38	maps/mazes/maze_000.map	54455	35517	1427.6	22.425101214574898
39	maps/mazes/maze_000.map	52568	5811	1077.0	21.2274678111588
40	maps/mazes/maze_000.map	48846	10799	1399.0	11.750827814569536
41	maps/mazes/maze_000.map	5821	50688	1337.2	23.358078602620086
42	maps/mazes/maze_000.map	52227	6393	1268.0	16.761248852157944
43	maps/mazes/maze_000.map	44753	7762	1293.0	11.792639138240574
44	maps/mazes/maze_000.map	42488	35696	1014.8	16.522184300341298
45	maps/mazes/maze_000.map	15558	46813	1417.4	24.87540716612378
46	maps/mazes/maze_000.map	24742	64737	1811.2	20.736404350607806
47	maps/mazes/maze_000.map	26902	54250	1128.0	23.64687819856704
48	maps/mazes/maze_000.map	58738	13018	1074.4	20.38453276047261
49	maps/mazes/maze_000.map	15889	55460	1115.2	28.076120959332638
50	maps/mazes/maze_000.map	62564	21172	1100.6	20.52620545073375
51	maps/mazes/maze_000.map	55778	20674	1952.4	15.287833827893175
52	maps/mazes/maze_000.map	56010	25838	2040.8	17.23233465234596
53	maps/mazes/maze_000.map	7284	54998	1634.2	23.262482168330955
54	maps/mazes/maze_000.map	29950	23580	1299.8	18.401420959147426
55	maps/mazes/maze_000.map	46054	14540	1464.2	15.810426540284361
56	maps/mazes/maze_000.map	62048	54496	1358.6	20.908390410958905
57	maps/mazes/maze_000.map	27872	51407	1981.4	18.73890186915888
58	maps/mazes/maze_000.map	35740	44756	1179.0	30.506889763779526
59	maps/mazes/maze_000.map	19968	59562	1093.6	25.57323498419389
60	maps/mazes/maze_000.map	45260	60184	1350.6	12.710843373493976
61	maps/mazes/maze_000.map	4259	64185	1325.2	22.706911636045493
62	maps/mazes/maze_000.map	1128	53972	1705.0	22.334246575342465
63	maps/mazes/maze_000.map	54870	57892	1102.0	16.144058885383807
64	maps/mazes/maze_000.map	59110	8280	1523.8	9.905631659056317
65	maps/mazes/maze_000.map	7880	41670	1674.2	22.01936376210235
66	maps/mazes/maze_000.map	57531	6636	1185.0	21.6396484375
67	maps/mazes/maze_000.map	63826	41995	1472.2	20.18370607028754
68	maps/mazes/maze_000.map	57160	40673	1470.6	22.83046875
69	maps/mazes/maze_000.map	43173	668	1094.4	24.8870116156283
70	maps/mazes/maze_000.map	45298	40402	1572.8	22.478356566397654
71	maps/mazes/maze_000.map	58559	3762	1286.2	23.402527075812273
72	maps/mazes/maze_000.map	54666	28618	1340.0	21.25839793281654
73	maps/mazes/maze_000.map	2649	60106	1118.8	29.09261186264308
74	maps/mazes/maze_000.map	60750	48104	1158.0	13.71896722939424
75	maps/mazes/maze_000.map	54486	32314	1388.6	6.476549413735343
76	maps/mazes/maze_000.map	58378	44522	1069.8	20.351409978308027
77	maps/mazes/maze_000.map	54896	31192	1238.2	25.49907063197026
78	maps/mazes/maze_000.map	50688	13937	1050.4	11.78086763070078
79	maps/mazes/maze_000.map	58586	35920	1193.4	6.553606237816764
80	maps/mazes/maze_000.map	16590	63004	1096.0	25.746065057712485
81	maps/mazes/maze_000.map	59477	62997	1072.0	14.150922909880565
82	maps/mazes/maze_000.map	16398	56410	1126.0	27.415730337078653
83	maps/mazes/maze_000.map	55040	26312	1225.6	19.872985781990522
84	maps/mazes/maze_000.map	62070	20992	1092.2	15.262765957446808
85	maps/mazes/maze_000.map	61158	1066	1514.0	9.648814078041315
86	maps/mazes/maze_000.map	25832	62557	1522.6	20.488653555219365
87	maps/mazes/maze_000.map	40980	5784	1347.2	14.21496953872933
88	maps/mazes/maze_000.map	59530	17068	1201.8	18.40057915057915
89	maps/mazes/maze_000.map	21575	47331	1034.4	33.894091415830545
90	maps/mazes/maze_000.map	52218	50715	1213.4	16.094876660341555
91	maps/mazes/maze_000.map	49932	2680	1041.2	11.142857142857142
92	maps/mazes/maze_000.map	12307	55937	1189.6	28.572967678746327
93	maps/mazes/maze_000.map	28694	62610	1083.6	22.43850267379679
94	maps/mazes/maze_000.map	19193	59918	1300.8	19.259062776304155
95	maps/mazes/maze_000.map	53360	42498	1160.6	23.6947261663286
96	maps/mazes/maze_000.map	11186	60274	1278.4	26.51135331516803
97	maps/mazes/maze_000.map	46840	38188	1117.4	16.911522633744855
98	maps/mazes/maze_000.map	46552	35524	1592.8	19.15112075198843
99	maps/mazes/maze_000.map	61584	23148	1100.4	18.450052576235542
100	maps/mazes/maze_000.map	1538	59980	1074.2	29.70877944325482
101	maps/mazes/maze_000.map	9796	43452	1247.0	29.54089219330855
102	maps/mazes/maze_000.map	60486	5090	1006.8	26.540851553509782
103	maps/mazes/maze_000.map	65109	25290	1319.8	21.62937062937063
104	maps/mazes/maze_000.map	45544	13505	1260.2	20.98988970588235
105	maps/mazes/maze_000.map	54989	5873	1801.2	16.24823151125402
106	maps/mazes/maze_000.map	59528	8882	1351.0	20.274526678141136
107	maps/mazes/maze_000.map	38382	41588	1182.0	18.558794946550048
108	maps/mazes/maze_000.map	7128	48245	1122.6	22.45954356846473
109	maps/mazes/maze_000.map	719	47734	1053.2	23.950276243093924
110	maps/mazes/maze_000.map	4838	41675	1289.6	21.89596412556054
111	maps/mazes/maze_000.map	58026	15346	1195.0	19.70251937984496
112	maps/mazes/maze_000.map	46796	25150	1341.4	13.153713298791018
113	maps/mazes/maze_000.map	12512	48725	1055.6	25.037077426390404
114	maps/mazes/maze_000.map	41662	23482	1741.0	17.276228419654714
115	maps/mazes/maze_000.map	29218	36836	1279.4	25.4443447037702
116	maps/mazes/maze_000.map	22529	63036	1086.2	28.472457627118644
117	maps/mazes/maze_000.map	52448	11417	1370.6	16.342327150084316
118	maps/mazes/maze_000.map	63108	655	1493.0	18.762830482115085
119	maps/mazes/maze_000.map	42597	65272	1426.6	26.476422764227642
120	maps/mazes/maze_000.map	9840	64896	1110.0	31.752351097178682
121	maps/mazes/maze_000.map	10453	59968	1071.0	19.783549783549784
122	maps/mazes/maze_000.map	57032	22249	1973.6	17.252483927527763
123	maps/mazes/maze_000.map	33019	59058	1521.6	20.408365019011406
124	maps/mazes/maze_000.map	61526	4300	1335.0	20.323478260869564
125	maps/mazes/maze_000.map	31851	53224	1013.8	33.40296803652968
126	maps/mazes/maze_000.map	36904	50922	1065.2	31.380281690140844
127	maps/mazes/maze_000.map	56968	36062	1589.0	22.167638483965014
128	maps/mazes/maze_000.map	56540	25725	1349.8	6.662650602409639
129	maps/mazes/maze_000.map	23548	57911	1161.8	17.468379446640316
130	maps/mazes/maze_000.map	24114	54680	1055.0	32.50440528634361
131	maps/mazes/maze_000.map	16822	51903	1037.4	27.180400890868597
132	maps/mazes/maze_000.map	24305	39732	1060.2	16.61521739130435
133	maps/mazes/maze_000.map	56969	17652	1629.4	21.658640226628894
134	maps/mazes/maze_000.map	45604	21219	1051.8	29.676855895196507
135	maps/mazes/maze_000.map	27141	20685	1069.6	20.256216216216217
136	maps/mazes/maze_000.map	6382	58274	1175.4	25.107632093933464
137	maps/mazes/maze_000.map	25060	54952	1529.4	20.734138972809667
138	maps/mazes/maze_000.map	42126	35556	1164.4	28.660731948565775
139	maps/mazes/maze_000.map	52962	21177	1287.6	18.36078782452999
140	maps/mazes/maze_000.map	21518	11986	1156.0	22.17019133937563
141	maps/mazes/maze_000.map	19143	61064	1382.8	23.92564745196324
142	maps/mazes/maze_000.map	55560	50326	1041.8	12.676733780760626
143	maps/mazes/maze_000.map	49380	22720	1626.8	19.1119773210489
144	maps/mazes/maze_000.map	56516	1711	1260.0	24.12235510579577
145	maps/mazes/maze_000.map	30893	54892	1304.0	22.398762157382848
146	maps/mazes/maze_000.map	43458	12993	1608.6	16.42207792207792
147	maps/mazes/maze_000.map	37896	62664	1300.4	11.786811201445348
148	maps/mazes/maze_000.map	22264	43660	1202.4	19.255502392344496
149	maps/mazes/maze_000.map	61048	47364	1418.0	19.159636062861868
150	maps/mazes/maze_000.map	38093	53450	1982.0	18.68375072801398
151	maps/mazes/maze_000.map	23771	47292	1816.0	20.133968253968256
152	maps/mazes/maze_000.map	38635	49236	1355.6	19.46909398814564
153	maps/mazes/maze_000.map	30451	55428	1364.4	19.589029535864977
154	maps/mazes/maze_000.map	60954	62700	1573.4	23.845642540620386
155	maps/mazes/maze_000.map	53918	38632	1588.8	22.69370021723389
156	maps/mazes/maze_000.map	63708	60947	1037.8	15.048098434004475
157	maps/mazes/maze_000.map	60532	15380	1001.6	12.778034682080925
158	maps/mazes/maze_000.map	48594	24626	1110.8	14.173056994818653
159	maps/mazes/maze_000.map	63224	54048	1430.6	15.390953150242327
160	maps/mazes/maze_000.map	49387	22140	1042.8	9.469613259668508
161	maps/mazes/maze_000.map	63166	64535	1101.0	17.02421052631579
162	maps/mazes/maze_000.map	38105	56441	1352.0	20.13384484228474
163	maps/mazes/maze_000.map	32494	60608	1374.4	21.015088013411567
164	maps/mazes/maze_000.map	24286	63524	1416.6	19.682333873581847
165	maps/mazes/maze_000.map	63696	43766	1587.8	22.5
166	maps/mazes/maze_000.map	64046	49371	1087.6	11.169652265542677
167	maps/mazes/maze_000.map	34318	34500	1073.0	27.664163090128756
168	maps/mazes/maze_000.map	244	49815	1172.2	23.636542239685657
169	maps/mazes/maze_000.map	46376	49912	1194.8	29.431051108968177
170	maps/mazes/maze_000.map	65169	11732	1394.2	22.268718801996673
171	maps/mazes/maze_000.map	617	39957	1166.0	28.529767911200807
172	maps/mazes/maze_000.map	52330	7068	1000.2	22.36027713625866
173	maps/mazes/maze_000.map	10758	57016	1022.6	28.797727272727272
174	maps/mazes/maze_000.map	59438	2798	1183.8	21.50098231827112
175	maps/mazes/maze_000.map	55841	13033	1099.6	20.55730809674027
176	maps/mazes/maze_000.map	51444	64537	1189.8	16.59029126213592
177	maps/mazes/maze_000.map	61262	23287	1626.2	21.339915373765866
178	maps/mazes/maze_000.map	40978	19706	1662.2	19.38041958041958
179	maps/mazes/maze_000.map	16094	50124	1615.6	22.834645669291337
180	maps/mazes/maze_000.map	45914	64764	1455.8	25.969745222929937
181	maps/mazes/maze_000.map	39635	25637	1268.4	19.332420091324202
182	maps/mazes/maze_000.map	25733	52210	1067.4	32.108836206896555
183	maps/mazes/maze_000.map	47313	22124	1232.2	16.38317757009346
184	maps/mazes/maze_000.map	3252	22032	1133.6	19.863868986693962
185	maps/mazes/maze_000.map	38126	42582	1251.4	19.314338235294116
186	maps/mazes/maze_000.map	39118	56895	1180.8	17.81524926686217
187	maps/mazes/maze_000.map	63390	9950	1383.6	22.123218776194467
188	maps/mazes/maze_000.map	45568	47255	1072.8	9.756311745334797
189	maps/mazes/maze_000.map	51862	5853	1123.8	25.233606557377048
190	maps/mazes/maze_000.map	56024	29943	2301.4	16.02469758064516
191	maps/mazes/maze_000.map	41452	54409	1648.2	19.76745810055866
192	maps/mazes/maze_000.map	10920	61594	1155.6	27.5975975975976
193	maps/mazes/maze_000.map	64016	32460	1268.0	24.08991825613079
194	maps/mazes/maze_000.map	65133	14341	1149.2	18.69424823410696
195	maps/mazes/maze_000.map	52390	53500	1475.2	24.944400939702426
196	maps/mazes/maze_000.map	46182	8896	1069.0	23.85822510822511
197	maps/mazes/maze_000.map	26625	22265	1302.8	24.035366931918656
198	maps/mazes/maze_000.map	52398	23284	1426.8	24.637972646822206
199	maps/mazes/maze_000.map	2192	59081	1118.8	29.13575129533679
200	maps/mazes/maze_000.map	57232	7592	1259.2	18.089400921658985
201	maps/mazes/maze_000.map	26340	42520	1093.6	18.053740779768177
202	maps/mazes/maze_000.map	51190	62198	1882.2	20.10995085995086
203	maps/mazes/maze_000.map	49386	64632	1047.2	9.506077348066299
204	maps/mazes/maze_000.map	55374	11916	1077.4	20.02795698924731
205	maps/mazes/maze_000.map	28384	49188	1011.8	18.419134396355354
206	maps/mazes/maze_000.map	56760	31448	1371.0	23.521885521885523
207	maps/mazes/maze_000.map	31810	43974	1092.6	33.11122881355932
208	maps/mazes/maze_000.map	1204	46562	1486.0	23.78365758754864
209	maps/mazes/maze_000.map	44080	56824	1183.8	30.181640625
210	maps/mazes/maze_000.map	45254	36019	1230.6	10.235404896421846
211	maps/mazes/maze_000.map	56529	33470	2098.2	15.358407079646017
212	maps/mazes/maze_000.map	39063	23280	1347.4	26.196763202725723
213	maps/mazes/maze_000.map	8454	55945	1133.4	28.921971252566735
214	maps/mazes/maze_000.map	31954	63322	1458.2	21.984177215189874
215	maps/mazes/maze_000.map	43196	61236	1347.0	12.024137931034483
216	maps/mazes/maze_000.map	56170	14019	1021.0	20.828054298642535
217	maps/mazes/maze_000.map	21236	52554	1438.2	21.031948881789138
218	maps/mazes/maze_000.map	23172	49363	1167.4	31.483168316831684
219	maps/mazes/maze_000.map	91	64609	1082.0	29.065803667745417
220	maps/mazes/maze_000.map	54412	4861	1040.4	24.95338512763596
221	maps/mazes/maze_000.map	2198	62699	1958.2	19.126777251184834
222	maps/mazes/maze_000.map	59539	6892	1350.0	19.088412017167382
223	maps/mazes/maze_000.map	57268	1618	1017.6	21.045924225028703
224	maps/mazes/maze_000.map	48340	15897	1135.6	13.144162436548223
225	maps/mazes/maze_000.map	2247	57046	1925.8	19.77025392986699
226	maps/mazes/maze_000.map	54456	9938	1392.2	22.672240802675585
227	maps/mazes/maze_000.map	47672	47870	1125.0	31.06967213114754
228	maps/mazes/maze_000.map	29208	54736	1447.0	25.53926282051282
229	maps/mazes/maze_000.map	27654	26546	1012.4	19.1786941580756
230	maps/mazes/maze_000.map	723	56847	1121.6	22.403746097814775
231	maps/mazes/maze_000.map	45794	9174	1645.6	18.562367864693446
232	maps/mazes/maze_000.map	7912	52753	1232.6	24.917924528301885
233	maps/mazes/maze_000.map	55212	16630	1269.2	20.986326344576117
234	maps/mazes/maze_000.map	40174	62696	2155.2	17.277153558052433
235	maps/mazes/maze_000.map	64718	58077	1214.6	17.801541425818883
236	maps/mazes/maze_000.map	2630	65006	1584.0	23.681053401609365
237	maps/mazes/maze_000.map	64225	44140	1068.6	3.621739130434783
238	maps/mazes/maze_000.map	53767	64230	1861.0	20.343161856963615
239	maps/mazes/maze_000.map	3326	56604	1113.4	23.983333333333334
240	maps/mazes/maze_000.map	52444	20080	1239.8	18.534450651769088
241	maps/mazes/maze_000.map	5246	45782	1475.8	24.99055118110236
242	maps/mazes/maze_000.map	30951	24593	1202.8	20.801534036433367
243	maps/mazes/maze_000.map	12818	60968	1012.8	25.851767388825543
244	maps/mazes/maze_000.map	60991	43260	1274.2	26.46028880866426
245	maps/mazes/maze_000.map	52962	33303	1066.4	15.632719393282773
246	maps/mazes/maze_000.map	55578	25851	1428.2	24.227346278317153
247	maps/mazes/maze_000.map	56692	4758	1063.6	22.75136314067612
248	maps/mazes/maze_000.map	7822	63914	1077.8	29.6
249	maps/mazes/maze_000.map	59510	4684	1091.0	16.058386411889597
250	maps/mazes/maze_000.map	15062	53064	1096.4	27.555089192025182
251	maps/mazes/maze_001.map	49696	21868	1080.6	16.811422413793103
252	maps/mazes/maze_001.map	58222	47024	1140.4	9.127703398558188
253	maps/mazes/maze_001.map	33248	31260	1315.0	14.016903914590747
254	maps/mazes/maze_001.map	39493	39060	1302.0	15.138269402319358
255	maps/mazes/maze_001.map	47418	60872	1744.4	17.006020066889633
256	maps/mazes/maze_001.map	1586	63374	1091.2	28.62566844919786
257	maps/mazes/maze_001.map	50421	21204	1961.8	10.451248513674198
258	maps/mazes/maze_001.map	62194	368	1168.6	10.618
259	maps/mazes/maze_001.map	17952	58515	1654.8	22.256175017642907
260	maps/mazes/maze_001.map	18218	47280	1228.2	22.748576850094878
261	maps/mazes/maze_001.map	47812	24791	1372.2	16.955160744500844
262	maps/mazes/maze_001.map	28668	29316	1323.6	11.807860262008735
263	maps/mazes/maze_001.map	24576	28813	1014.8	17.907639680729762
264	maps/mazes/maze_001.map	17024	55919	1146.2	25.458669354838708
265	maps/mazes/maze_001.map	8849	61059	1320.4	24.10660792951542
266	maps/mazes/maze_001.map	34913	18098	1671.2	19.28022361984626
267	maps/mazes/maze_001.map	33529	27402	1325.0	13.16376306620209
268	maps/mazes/maze_001.map	49816	38594	1571.4	18.328402366863905
269	maps/mazes/maze_001.map	54766	13518	1630.4	10.275196568977842
270	maps/mazes/maze_001.map	27226	9204	1276.0	18.82584784601283
271	maps/mazes/maze_001.map	53244	61712	2163.2	14.015078082929456
272	maps/mazes/maze_001.map	55248	22732	1961.8	17.73959571938169
273	maps/mazes/maze_001.map	13355	58601	1276.8	24.441203281677303
274	maps/mazes/maze_001.map	34938	51896	1366.2	16.730118443316414
275	maps/mazes/maze_001.map	52564	38530	1334.6	14.781739130434783
276	maps/mazes/maze_001.map	9462	48734	1534.2	18.514459665144596
277	maps/mazes/maze_001.map	32942	39003	1646.2	14.26558073654391
278	maps/mazes/maze_001.map	51715	5201	1099.6	12.38069989395546
279	maps/mazes/maze_001.map	17646	26654	1141.2	15.46051282051282
280	maps/mazes/maze_001.map	42718	64386	1847.4	17.157232704402517
281	maps/mazes/maze_001.map	43218	63292	1796.6	16.823643410852714
282	maps/mazes/maze_001.map	47718	57983	1920.8	16.854633555420957
283	maps/mazes/maze_001.map	18665	38964	1130.0	16.959752321981423
284	maps/mazes/maze_001.map	40286	56038	1795.6	18.82588996763754
285	maps/mazes/maze_001.map	29128	17486	1225.0	12.241904761904761
286	maps/mazes/maze_001.map	46204	47125	1280.8	17.370806890299185
287	maps/mazes/maze_001.map	49116	53933	1146.2	8.421588594704684
288	maps/mazes/maze_001.map	2078	55508	1008.4	26.343713956170703
289	maps/mazes/maze_001.map	32872	42186	1323.4	15.653846153846153
290	maps/mazes/maze_001.map	65178	18428	1743.4	10.892904953145917
291	maps/mazes/maze_001.map	13892	63344	1153.6	27.563323201621074
292	maps/mazes/maze_001.map	34046	60894	1762.2	16.432058047493403
293	maps/mazes/maze_001.map	37138	61806	1834.4	18.319135410044503
294	maps/mazes/maze_001.map	41084	61232	1516.2	20.193548387096776
295	maps/mazes/maze_001.map	48740	36089	1636.2	16.06950354609929
296	maps/mazes/maze_001.map	58004	60734	2223.8	13.489495798319327
297	maps/mazes/maze_001.map	10372	50594	1083.2	20.9428263214671
298	maps/mazes/maze_001.map	38048	23233	1581.6	21.814760147601476
299	maps/mazes/maze_001.map	42536	28337	1597.2	19.76911871813547
300	maps/mazes/maze_001.map	56332	590	1000.0	13.152858809801634
301	maps/mazes/maze_001.map	62684	8054	1091.0	10.941239316239317
302	maps/mazes/maze_001.map	41508	51912	2198.4	17.372674109516215
303	maps/mazes/maze_001.map	31968	57084	1745.8	16.987299465240643
304	maps/mazes/maze_001.map	57578	29462	1525.0	12.320826952526799
305	maps/mazes/maze_001.map	32956	54410	1632.0	20.35244161358811
306	maps/mazes/maze_001.map	26323	57533	2335.6	16.264661654135338
307	maps/mazes/maze_001.map	45679	60438	1600.0	19.310545454545455
308	maps/mazes/maze_001.map	42656	21060	1345.8	16.55795847750865
309	maps/mazes/maze_001.map	28072	37754	1256.0	18.316373728029603
310	maps/mazes/maze_001.map	48348	5252	1401.4	8.776119402985074
311	maps/mazes/maze_001.map	26678	9342	1043.6	16.42122905027933
312	maps/mazes/maze_001.map	21165	112	1012.0	10.588235294117647
313	maps/mazes/maze_001.map	64318	26270	1744.6	15.284
314	maps/mazes/maze_001.map	45138	12479	1123.2	17.302998965873837
315	maps/mazes/maze_001.map	36593	22057	1316.0	13.670464504820334
316	maps/mazes/maze_001.map	18154	44221	1140.0	15.790602655771195
317	maps/mazes/maze_001.map	56563	44569	1681.6	11.670588235294117
318	maps/mazes/maze_001.map	29160	31847	1512.6	12.044546850998463
319	maps/mazes/maze_001.map	53926	24980	2179.8	11.902896995708154
320	maps/mazes/maze_001.map	24994	46610	1494.4	15.132090132090132
321	maps/mazes/maze_001.map	32048	58284	2242.8	16.854090672225116
322	maps/mazes/maze_001.map	24236	50590	1381.0	16.59052453468697
323	maps/mazes/maze_001.map	48428	28779	1151.8	16.8
324	maps/mazes/maze_001.map	24642	7840	1104.4	17.133543638275498
325	maps/mazes/maze_001.map	42737	24293	1673.2	12.57123002084781
326	maps/mazes/maze_001.map	13926	52226	1209.6	25.69141755062681
327	maps/mazes/maze_001.map	57890	13978	1781.0	15.923884514435695
328	maps/mazes/maze_001.map	3194	61396	1160.8	25.721608040201005
329	maps/mazes/maze_001.map	27642	61368	1766.8	16.06500328299409
330	maps/mazes/maze_001.map	2566	59064	1322.0	23.091308165057068
331	maps/mazes/maze_001.map	46177	4062	1161.0	15.225903614457831
332	maps/mazes/maze_001.map	44148	46128	1347.2	16.854435831180016
333	maps/mazes/maze_001.map	29863	27827	1518.8	21.14581734458941
334	maps/mazes/maze_001.map	19986	44168	1165.0	19.278884462151396
335	maps/mazes/maze_001.map	36118	58572	2092.8	18.13679508654383
336	maps/mazes/maze_001.map	31796	6332	1184.0	14.577187807276303
337	maps/mazes/maze_001.map	56851	53469	2104.4	16.376594564614532
338	maps/mazes/maze_001.map	64013	9334	1151.0	13.114372469635628
339	maps/mazes/maze_001.map	38022	25833	1475.2	21.427222659323366
340	maps/mazes/maze_001.map	1263	65102	1659.8	18.708683473389357
341	maps/mazes/maze_001.map	14362	54178	1706.4	21.941055517477725
342	maps/mazes/maze_001.map	6703	63204	1171.8	27.611553784860558
343	maps/mazes/maze_001.map	42630	7389	1201.2	13.921282798833818
344	maps/mazes/maze_001.map	46392	51638	1408.8	16.37140509449466
345	maps/mazes/maze_001.map	64679	11875	1021.6	9.45952109464082
346	maps/mazes/maze_001.map	49602	28918	2376.8	10.772972972972973
347	maps/mazes/maze_001.map	39052	30439	1381.2	15.09873417721519
348	maps/mazes/maze_001.map	6838	58381	1413.0	21.469421487603306
349	maps/mazes/maze_001.map	29648	51317	1858.2	17.317271589486857
350	maps/mazes/maze_001.map	63882	62491	1943.8	15.014405762304921
351	maps/mazes/maze_001.map	42105	54820	1305.0	18.815742397137747
352	maps/mazes/maze_001.map	55642	48328	1800.6	15.31701030927835
353	maps/mazes/maze_001.map	15932	57206	1609.2	22.66158315177923
354	maps/mazes/maze_001.map	15599	52898	1893.0	19.779357231149568
355	maps/mazes/maze_001.map	46173	59466	1751.4	21.256972111553786
356	maps/mazes/maze_001.map	59022	13517	1952.4	8.626722588376273
357	maps/mazes/maze_001.map	30948	46214	1354.2	14.11658031088083
358	maps/mazes/maze_001.map	16063	47184	1096.8	16.312831389183458
359	maps/mazes/maze_001.map	56180	16886	1548.0	14.131282820705175
360	maps/mazes/maze_001.map	59504	54310	2121.6	13.906784335355765
361	maps/mazes/maze_001.map	15284	10342	1156.2	10.575050709939148
362	maps/mazes/maze_001.map	28948	2771	1357.0	19.39003436426117
363	maps/mazes/maze_001.map	59304	8315	1541.0	7.895136778115502
364	maps/mazes/maze_001.map	1124	58104	1054.6	27.163716814159294
365	maps/mazes/maze_001.map	35506	11479	1233.2	14.791705937794534
366	maps/mazes/maze_001.map	59542	32438	1890.0	16.071649166151946
367	maps/mazes/maze_001.map	28630	54496	1957.0	17.238379022646008
368	maps/mazes/maze_001.map	6873	27160	1065.8	16.634065934065934
369	maps/mazes/maze_001.map	24079	30409	1318.0	21.126872246696035
370	maps/mazes/maze_001.map	12024	44202	1419.6	15.562962962962963
371	maps/mazes/maze_001.map	56482	4103	1702.6	8.823045267489713
372	maps/mazes/maze_001.map	52312	14204	1245.2	13.8933582787652
373	maps/mazes/maze_001.map	47406	20400	1706.0	18.58783321941217
374	maps/mazes/maze_001.map	58961	63452	2147.0	14.707383279044517
375	maps/mazes/maze_001.map	62685	24118	1519.2	12.178818112049118
376	maps/mazes/maze_001.map	610	36576	1003.6	27.502883506343714
377	maps/mazes/maze_001.map	59612	58154	1844.4	15.96774193548387
378	maps/mazes/maze_001.map	53996	57876	2150.2	14.764355362946912
379	maps/mazes/maze_001.map	2484	46732	1040.8	19.732884399551065
380	maps/mazes/maze_001.map	11485	48199	1448.8	19.938955823293174
381	maps/mazes/maze_001.map	19972	46962	1065.6	20.35427952329361
382	maps/mazes/maze_001.map	3618	59098	1096.8	26.65037194473964
383	maps/mazes/maze_001.map	56008	45157	1187.4	5.825742574257426
384	maps/mazes/maze_001.map	38120	42464	1726.6	16.59421265141319
385	maps/mazes/maze_001.map	59916	18302	1234.4	13.99622285174693
386	maps/mazes/maze_001.map	32482	58611	1924.4	14.540132770066386
387	maps/mazes/maze_001.map	22621	20215	1151.6	20.428571428571427
388	maps/mazes/maze_001.map	36232	55330	1268.6	19.409007352941178
389	maps/mazes/maze_001.map	47652	8423	1227.4	16.68216318785579
390	maps/mazes/maze_001.map	52980	8740	1532.0	9.32953682611997
391	maps/mazes/maze_001.map	44770	14596	1282.8	12.017257039055405
392	maps/mazes/maze_001.map	20042	470	1142.6	21.232251521298174
393	maps/mazes/maze_001.map	15033	41620	1224.4	17.812202097235463
394	maps/mazes/maze_001.map	42038	37522	1353.4	18.928571428571427
395	maps/mazes/maze_001.map	10423	34918	1044.0	22.450500556173527
396	maps/mazes/maze_001.map	60802	35883	1613.8	11.951729106628243
397	maps/mazes/maze_001.map	39774	33944	1204.4	16.243996157540828
398	maps/mazes/maze_001.map	63504	63092	2073.2	16.40507042253521
399	maps/mazes/maze_001.map	10890	58603	1268.2	22.611009174311928
400	maps/mazes/maze_001.map	49777	50830	1623.6	15.5678391959799
401	maps/mazes/maze_001.map	47728	35048	1565.0	20.03994082840237
402	maps/mazes/maze_001.map	52346	35549	1964.2	15.952296819787986
403	maps/mazes/maze_001.map	50900	27422	1371.8	13.488945578231293
404	maps/mazes/maze_001.map	52892	43131	1043.4	6.688487584650113
405	maps/mazes/maze_001.map	4336	52214	1896.2	18.438650306748468
406	maps/mazes/maze_001.map	28874	40630	1477.4	13.078740157480315
407	maps/mazes/maze_001.map	24912	61130	1476.2	20.751184834123222
408	maps/mazes/maze_001.map	35848	7850	1087.0	18.321961620469082
409	maps/mazes/maze_001.map	51612	25138	1419.4	15.869458128078819
410	maps/mazes/maze_001.map	23728	39479	1761.6	15.500992720052945
411	maps/mazes/maze_001.map	23922	34948	1028.4	21.368953880764906
412	maps/mazes/maze_001.map	18944	39607	1066.6	20.316702819956618
413	maps/mazes/maze_001.map	37958	48218	1256.0	16.581868640148013
414	maps/mazes/maze_001.map	55342	51870	1657.2	15.501766784452297
415	maps/mazes/maze_001.map	64609	3148	1061.6	12.519125683060109
416	maps/mazes/maze_001.map	31476	42608	1363.0	15.58603066439523
417	maps/mazes/maze_001.map	11102	56832	1185.6	26.6384236453202
418	maps/mazes/maze_001.map	49742	42191	1454.4	14.368127490039841
419	maps/mazes/maze_001.map	31926	30835	1275.0	11.237179487179487
420	maps/mazes/maze_001.map	45876	32424	1663.0	18.808988764044944
421	maps/mazes/maze_001.map	16943	38372	1377.0	22.905723905723907
422	maps/mazes/maze_001.map	11960	63788	1583.4	19.481644640234947
423	maps/mazes/maze_001.map	10292	63900	1490.8	23.82067345340642
424	maps/mazes/maze_001.map	9771	38544	1003.8	25.176744186046513
425	maps/mazes/maze_001.map	42750	24818	2306.0	13.041268243583291
426	maps/mazes/maze_001.map	21554	61628	1516.2	22.01153846153846
427	maps/mazes/maze_001.map	24775	48390	1759.0	12.294039735099338
428	maps/mazes/maze_001.map	32488	50034	1852.0	15.472100313479624
429	maps/mazes/maze_001.map	49324	48248	1733.8	17.982526881720432
430	maps/mazes/maze_001.map	55178	4800	1350.0	13.733047210300429
431	maps/mazes/maze_001.map	60601	57438	1930.4	17.309681298857488
432	maps/mazes/maze_001.map	21076	42179	1012.8	20.401142857142858
433	maps/mazes/maze_001.map	51622	45066	1453.2	14.702161729383507
434	maps/mazes/maze_001.map	6293	60496	1343.0	25.11764705882353
435	maps/mazes/maze_001.map	26932	1766	1232.0	19.431539187913124
436	maps/mazes/maze_001.map	20691	39956	1249.6	15.662931839402427
437	maps/mazes/maze_001.map	50376	48735	2410.8	12.046579330422125
438	maps/mazes/maze_001.map	56471	38364	1968.6	16.0834312573443
439	maps/mazes/maze_001.map	17974	19380	1407.8	23.18106312292359
440	maps/mazes/maze_001.map	58980	52688	1816.0	15.555839183152521
441	maps/mazes/maze_001.map	3320	31889	1122.2	13.328512396694215
442	maps/mazes/maze_001.map	45730	58894	1708.4	18.37764144512611
443	maps/mazes/maze_001.map	19952	46086	1338.8	17.07718993928881
444	maps/mazes/maze_001.map	22241	27816	1121.2	15.32258064516129
445	maps/mazes/maze_001.map	702	26688	1010.4	20.376294591484466
446	maps/mazes/maze_001.map	5311	64099	1461.6	22.09069212410501
447	maps/mazes/maze_001.map	31346	58524	1101.4	18.6908315565032
448	maps/mazes/maze_001.map	46810	39067	1349.0	11.520583190394511
449	maps/mazes/maze_001.map	57070	14963	1109.8	10.971698113207546
450	maps/mazes/maze_001.map	36069	51580	1924.2	15.606626506024096
451	maps/mazes/maze_001.map	61996	12469	1611.8	13.68208092485549
452	maps/mazes/maze_001.map	59110	38611	1843.8	16.546599496221663
453	maps/mazes/maze_001.map	57286	24174	1209.0	6.010721247563353
454	maps/mazes/maze_001.map	20574	31483	1261.8	21.661467889908256
455	maps/mazes/maze_001.map	21088	18164	1157.8	20.703629032258064
456	maps/mazes/maze_001.map	57964	3682	1297.6	9.052299368800721
457	maps/mazes/maze_001.map	16962	29918	1095.4	23.345744680851062
458	maps/mazes/maze_001.map	56570	27387	1858.2	14.14
459	maps/mazes/maze_001.map	52366	50448	1470.6	15.610584518167457
460	maps/mazes/maze_001.map	62760	63654	2151.8	15.87391774891775
461	maps/mazes/maze_001.map	29706	40669	1572.2	20.176945668135094
462	maps/mazes/maze_001.map	42167	30202	1351.0	18.36068376068376
463	maps/mazes/maze_001.map	10336	58216	1055.6	26.97042716319825
464	maps/mazes/maze_001.map	10890	49320	1117.2	23.37539103232534
465	maps/mazes/maze_001.map	15974	47928	1082.0	23.941872981700755
466	maps/mazes/maze_001.map	19630	51522	1895.2	15.13526868437307
467	maps/mazes/maze_001.map	1656	60114	1134.2	26.609278350515464
468	maps/mazes/maze_001.map	20814	41710	1547.2	20.99549211119459
469	maps/mazes/maze_001.map	60597	24650	1488.2	13.024256651017215
470	maps/mazes/maze_001.map	56902	33964	1493.6	14.311284046692608
471	maps/mazes/maze_001.map	21653	57462	1961.2	18.722719141323793
472	maps/mazes/maze_001.map	20101	59486	1253.8	24.737523105360445
473	maps/mazes/maze_001.map	36958	31985	1411.0	17.60279605263158
474	maps/mazes/maze_001.map	55532	2194	1247.6	10.377217553688142
475	maps/mazes/maze_001.map	62540	23688	1335.2	13.101827676240209
476	maps/mazes/maze_001.map	30996	64442	1669.2	20.15136650315347
477	maps/mazes/maze_001.map	62478	24695	1290.0	14.366515837104073
478	maps/mazes/maze_001.map	42076	58876	1736.0	18.48963210702341
479	maps/mazes/maze_001.map	60118	21022	1401.8	11.070598006644518
480	maps/mazes/maze_001.map	28332	34408	1215.8	17.77437858508604
481	maps/mazes/maze_001.map	43560	25268	1534.8	19.75587566338135
482	maps/mazes/maze_001.map	16946	40140	1232.4	23.251175917215427
483	maps/mazes/maze_001.map	60497	24166	1561.0	12.47913561847988
484	maps/mazes/maze_001.map	52468	15122	1570.4	9.444115470022206
485	maps/mazes/maze_001.map	43621	17342	1695.8	21.092847317744155
486	maps/mazes/maze_001.map	21226	38949	1697.4	13.398907103825136
487	maps/mazes/maze_001.map	64366	26781	1805.4	14.465982028241335
488	maps/mazes/maze_001.map	47254	35337	1275.2	14.995433789954339
489	maps/mazes/maze_001.map	24686	24042	1426.8	22.38893409275834
490	maps/mazes/maze_001.map	58924	3202	1024.4	15.306029579067122
491	maps/mazes/maze_001.map	13674	60669	1015.0	21.895216400911163
492	maps/mazes/maze_001.map	4062	46721	1172.6	15.462075848303392
493	maps/mazes/maze_001.map	53272	29876	1656.6	18.043018335684064
494	maps/mazes/maze_001.map	27840	57682	1834.2	16.470101781170484
495	maps/mazes/maze_001.map	63571	45222	1773.8	14.189384010484927
496	maps/mazes/maze_001.map	8942	63546	1634.4	18.546038543897215
497	maps/mazes/maze_001.map	28751	20681	1226.0	19.53199617956065
498	maps/mazes/maze_001.map	21669	47380	1699.4	13.18972602739726
499	maps/mazes/maze_001.map	39663	10040	1300.2	11.406810035842295
500	maps/mazes/maze_001.map	40886	14820	1174.8	13.923837784371909
501	maps/mazes/maze_002.map	43234	10363	1440.2	16.3064
502	maps/mazes/maze_002.map	47828	33871	1298.2	10.048561151079136
503	maps/mazes/maze_002.map	48664	52399	1113.0	18.700417536534445
504	maps/mazes/maze_002.map	16080	10762	3037.0	7.534021406727828
505	maps/mazes/maze_002.map	1261	41364	2264.2	6.044238683127572
506	maps/mazes/maze_002.map	42372	30434	2331.0	15.135956175298805
507	maps/mazes/maze_002.map	13286	51913	2951.8	7.527272727272727
508	maps/mazes/maze_002.map	28335	10124	1270.6	20.114963503649633
509	maps/mazes/maze_002.map	47838	18494	1482.0	10.38971161340608
510	maps/mazes/maze_002.map	65083	5684	1006.2	12.933179723502304
511	maps/mazes/maze_002.map	9816	62116	1304.0	12.483613817537645
512	maps/mazes/maze_002.map	13336	32744	1166.0	20.633235004916422
513	maps/mazes/maze_002.map	55507	38482	1107.2	7.505807814149947
514	maps/mazes/maze_002.map	48528	2726	1841.2	17.75205047318612
515	maps/mazes/maze_002.map	10957	41744	3100.2	7.404654654654655
516	maps/mazes/maze_002.map	2717	60966	2736.4	11.13089672758181
517	maps/mazes/maze_002.map	59478	20220	3162.0	10.921294593600589
518	maps/mazes/maze_002.map	45227	6208	1431.2	18.45748987854251
519	maps/mazes/maze_002.map	23605	44474	1215.8	21.75812619502868
520	maps/mazes/maze_002.map	16637	54368	3256.0	10.18720971775634
521	maps/mazes/maze_002.map	43252	20758	1143.8	12.308
522	maps/mazes/maze_002.map	43144	63554	1212.2	20.800766283524904
523	maps/mazes/maze_002.map	12932	26154	1849.0	10.847117794486216
524	maps/mazes/maze_002.map	32357	47834	1017.8	23.32004555808656
525	maps/mazes/maze_002.map	50098	36418	1360.0	9.489251934651763
526	maps/mazes/maze_002.map	23996	36430	1010.0	9.54524627720504
527	maps/mazes/maze_002.map	21192	46210	2598.4	5.749664128974474
528	maps/mazes/maze_002.map	34346	55466	1429.0	18.97140522875817
529	maps/mazes/maze_002.map	13000	29757	2941.8	6.676679841897233
530	maps/mazes/maze_002.map	38007	5314	2284.2	14.692777212614445
531	maps/mazes/maze_002.map	55517	89	2422.4	13.269581931763575
532	maps/mazes/maze_002.map	60400	59182	2322.8	11.911779448621553
533	maps/mazes/maze_002.map	58096	17423	1724.8	6.97848016139879
534	maps/mazes/maze_002.map	24270	23056	2996.6	7.294026377036462
535	maps/mazes/maze_002.map	1629	46278	1487.0	8.105799373040753
536	maps/mazes/maze_002.map	3732	46764	1593.0	7.548976608187134
537	maps/mazes/maze_002.map	22954	43356	1044.8	10.901220865704772
538	maps/mazes/maze_002.map	52428	53857	1999.0	13.973130841121495
539	maps/mazes/maze_002.map	4646	28838	1086.4	16.43145589798087
540	maps/mazes/maze_002.map	28408	20127	1456.2	5.70429252782194
541	maps/mazes/maze_002.map	13322	49766	1000.2	18.10763888888889
542	maps/mazes/maze_002.map	48180	30974	3110.4	11.601793051923796
543	maps/mazes/maze_002.map	63848	15483	2542.2	12.00045578851413
544	maps/mazes/maze_002.map	19340	42681	1367.8	11.561328790459966
545	maps/mazes/maze_002.map	14958	59113	1357.0	17.50848896434635
546	maps/mazes/maze_002.map	61122	506	2345.2	14.50074515648286
547	maps/mazes/maze_002.map	41637	15970	1111.6	16.07564766839378
548	maps/mazes/maze_002.map	30807	1761	2192.8	15.3928004235045
549	maps/mazes/maze_002.map	20585	20158	1984.2	14.514484356894554
550	maps/mazes/maze_002.map	12954	64880	2593.2	13.838623156012517
551	maps/mazes/maze_002.map	44582	9456	2964.2	11.761006289308176
552	maps/mazes/maze_002.map	40736	58583	1080.6	18.95680345572354
553	maps/mazes/maze_002.map	9248	4812	2496.4	13.386542923433876
554	maps/mazes/maze_002.map	35943	55660	1044.2	22.74222222222222
555	maps/mazes/maze_002.map	49744	15517	1583.2	17.593543653705062
556	maps/mazes/maze_002.map	49630	16020	2022.6	13.781933256616801
557	maps/mazes/maze_002.map	6260	1030	2276.4	9.610066090493136
558	maps/mazes/maze_002.map	41690	20099	1203.2	11.435033686236766
559	maps/mazes/maze_002.map	42589	64648	1240.2	22.158536585365855
560	maps/mazes/maze_002.map	1760	11339	2748.6	8.79040404040404
561	maps/mazes/maze_002.map	22597	29406	1048.0	23.567508232711305
562	maps/mazes/maze_002.map	43550	6819	2503.0	13.189126394052044
563	maps/mazes/maze_002.map	13946	42898	1452.8	9.785657370517928
564	maps/mazes/maze_002.map	40310	16104	2283.4	15.244637385086824
565	maps/mazes/maze_002.map	28906	59992	3249.2	9.503756708407872
566	maps/mazes/maze_002.map	34026	60696	1558.8	14.943325876211782
567	maps/mazes/maze_002.map	49817	5982	1272.6	20.208711433756807
568	maps/mazes/maze_002.map	9406	46526	2394.6	5.2595121951219515
569	maps/mazes/maze_002.map	552	49342	1205.0	18.386973180076627
570	maps/mazes/maze_002.map	18086	58102	2310.6	14.139839034205231
571	maps/mazes/maze_002.map	57668	55972	1136.6	14.699795081967213
572	maps/mazes/maze_002.map	41528	2658	2136.2	14.891304347826088
573	maps/mazes/maze_002.map	56090	57074	1874.6	15.35491905354919
574	maps/mazes/maze_002.map	41194	33813	1110.0	12.648704663212435
575	maps/mazes/maze_002.map	51872	45571	1163.4	14.859154929577464
576	maps/mazes/maze_002.map	16107	49880	3002.4	7.700505639828861
577	maps/mazes/maze_002.map	55924	31390	1338.8	13.990443092962641
578	maps/mazes/maze_002.map	21738	21565	2672.2	6.765421372719374
579	maps/mazes/maze_002.map	50805	8686	2348.6	14.664846077457796
580	maps/mazes/maze_002.map	37098	12524	1684.2	17.86281337047354
581	maps/mazes/maze_002.map	54364	852	2727.0	11.778534923339011
582	maps/mazes/maze_002.map	44599	24779	3144.0	11.893372824879675
583	maps/mazes/maze_002.map	1536	64146	1140.2	19.746963562753038
584	maps/mazes/maze_002.map	52964	16098	3128.6	11.155339805825243
585	maps/mazes/maze_002.map	7438	8842	2071.0	15.053013392857142
586	maps/mazes/maze_002.map	17238	46942	1018.0	18.673142857142857
587	maps/mazes/maze_002.map	25756	61546	1398.4	21.303734439834024
588	maps/mazes/maze_002.map	51916	30727	1498.4	9.250194855806702
589	maps/mazes/maze_002.map	49917	8915	3540.4	10.424152681803225
590	maps/mazes/maze_002.map	17666	51662	1625.2	17.172043010752688
591	maps/mazes/maze_002.map	29396	24263	1756.4	17.816611295681064
592	maps/mazes/maze_002.map	31436	61236	1703.8	15.87024456521739
593	maps/mazes/maze_002.map	58928	28818	1285.4	12.745931283905968
594	maps/mazes/maze_002.map	48940	32184	1443.2	14.04122877930477
595	maps/mazes/maze_002.map	12750	45330	3174.4	7.351044338585562
596	maps/mazes/maze_002.map	63080	1041	1069.2	9.616216216216216
597	maps/mazes/maze_002.map	55432	61510	1434.4	19.557988645579886
598	maps/mazes/maze_002.map	55510	21046	1296.8	7.957771787960467
599	maps/mazes/maze_002.map	9726	50825	2353.0	6.377722772277227
600	maps/mazes/maze_002.map	50881	21017	1358.4	9.340153452685422
601	maps/mazes/maze_002.map	41540	57562	1288.4	19.30281051677244
602	maps/mazes/maze_002.map	12828	9922	3029.2	12.15472998851015
603	maps/mazes/maze_002.map	7904	61568	2378.4	6.627633512983832
604	maps/mazes/maze_002.map	36058	33838	1165.8	14.386
605	maps/mazes/maze_002.map	55441	49697	1003.6	15.28987194412107
606	maps/mazes/maze_002.map	45516	16244	1532.0	13.288939051918735
607	maps/mazes/maze_002.map	3684	39090	1443.4	8.35032362459547
608	maps/mazes/maze_002.map	43150	8356	1835.2	18.0101201771031
609	maps/mazes/maze_002.map	9406	59598	2775.8	6.117968094038623
610	maps/mazes/maze_002.map	11942	50747	2379.0	13.48876953125
611	maps/mazes/maze_002.map	8306	60286	1763.8	9.215789473684211
612	maps/mazes/maze_002.map	44260	26667	1041.6	11.589543937708566
613	maps/mazes/maze_002.map	2649	8783	2623.2	12.153812252093433
614	maps/mazes/maze_002.map	15310	32939	2151.0	5.086132177681473
615	maps/mazes/maze_002.map	30956	26694	2797.8	7.068407960199005
616	maps/mazes/maze_002.map	15030	39499	2649.8	5.844161545215101
617	maps/mazes/maze_002.map	47090	31886	1378.2	6.089830508474576
618	maps/mazes/maze_002.map	9305	63625	1532.0	14.57811320754717
619	maps/mazes/maze_002.map	61938	18676	3443.6	10.393836776159837
620	maps/mazes/maze_002.map	54919	10980	2389.8	14.470731707317073
621	maps/mazes/maze_002.map	15144	5279	2371.0	13.858536585365854
622	maps/mazes/maze_002.map	17094	62639	2617.2	5.83859493108048
623	maps/mazes/maze_002.map	47028	13420	1490.0	16.342125678820793
624	maps/mazes/maze_002.map	17073	54424	1465.0	8.8716323296355
625	maps/mazes/maze_002.map	51406	8251	1540.8	9.379804069329314
626	maps/mazes/maze_002.map	64089	49800	1373.4	12.534745762711864
627	maps/mazes/maze_002.map	7819	5952	2524.2	12.873853211009175
628	maps/mazes/maze_002.map	35008	15786	1005.2	13.283084004602992
629	maps/mazes/maze_002.map	29912	8138	1871.2	18.437305053025575
630	maps/mazes/maze_002.map	700	29264	2267.6	6.6529984623270115
631	maps/mazes/maze_002.map	32326	2267	2540.2	13.31152790484904
632	maps/mazes/maze_002.map	49729	30190	3349.0	10.645138888888889
633	maps/mazes/maze_002.map	3016	63174	2448.8	7.662553393450404
634	maps/mazes/maze_002.map	19490	18074	1458.8	18.791765637371338
635	maps/mazes/maze_002.map	12022	15542	1051.4	7.234375
636	maps/mazes/maze_002.map	10938	50275	2714.0	6.060111635895234
637	maps/mazes/maze_002.map	6836	47234	1970.0	7.8584070796460175
638	maps/mazes/maze_002.map	29928	23265	1280.6	6.330909090909091
639	maps/mazes/maze_002.map	527	21654	1554.2	17.51264880952381
640	maps/mazes/maze_002.map	30998	30928	1199.2	20.750721847930702
641	maps/mazes/maze_002.map	23647	599	1881.6	17.00676923076923
642	maps/mazes/maze_002.map	50345	51786	1356.2	18.1368330464716
643	maps/mazes/maze_002.map	8268	54080	1323.8	11.014035087719298
644	maps/mazes/maze_002.map	11963	31396	2346.2	4.709741550695825
645	maps/mazes/maze_002.map	25200	40701	1521.4	16.29593373493976
646	maps/mazes/maze_002.map	34740	54520	1353.8	16.684801381692573
647	maps/mazes/maze_002.map	59350	20576	1081.0	14.081023454157782
648	maps/mazes/maze_002.map	30158	58108	1812.0	16.07485604606526
649	maps/mazes/maze_002.map	64162	18677	3588.2	9.942320155541154
650	maps/mazes/maze_002.map	14318	41906	2149.2	5.548773841961853
651	maps/mazes/maze_002.map	57428	5851	3137.0	10.982182628062361
652	maps/mazes/maze_002.map	56606	5346	3096.6	11.325187969924812
653	maps/mazes/maze_002.map	26851	29228	2829.2	7.117767747230201
654	maps/mazes/maze_002.map	43177	4500	1526.2	18.783969465648855
655	maps/mazes/maze_002.map	15384	47309	1306.2	20.288120567375888
656	maps/mazes/maze_002.map	46799	55532	1757.8	14.255644090305445
657	maps/mazes/maze_002.map	42172	35365	1230.4	11.829686013320647
658	maps/mazes/maze_002.map	4336	53882	2431.6	6.344811095169775
659	maps/mazes/maze_002.map	16061	57918	3545.2	9.708101016726795
660	maps/mazes/maze_002.map	56080	51871	1175.8	18.570576540755468
661	maps/mazes/maze_002.map	25600	56500	1419.8	18.8442088091354
662	maps/mazes/maze_002.map	30922	17636	1772.6	16.304862023653087
663	maps/mazes/maze_002.map	15788	32501	1244.6	7.536448598130841
664	maps/mazes/maze_002.map	60959	21619	1066.8	16.093579978237216
665	maps/mazes/maze_002.map	37415	42406	1031.8	19.735827664399093
666	maps/mazes/maze_002.map	55421	21654	1953.4	14.010119047619048
667	maps/mazes/maze_002.map	12460	35877	1911.6	11.721580547112461
668	maps/mazes/maze_002.map	35948	16832	2671.6	13.686657974793569
669	maps/mazes/maze_002.map	10795	183	2727.2	12.408839779005525
670	maps/mazes/maze_002.map	46660	53969	1926.6	14.532199270959902
671	maps/mazes/maze_002.map	12003	42538	2907.0	8.481540930979133
672	maps/mazes/maze_002.map	31638	55138	1310.4	19.722666666666665
673	maps/mazes/maze_002.map	65109	13184	2507.8	12.103607770582794
674	maps/mazes/maze_002.map	48372	64698	1143.2	4.659160696008188
675	maps/mazes/maze_002.map	2809	62495	2987.6	9.467811158798284
676	maps/mazes/maze_002.map	14530	36429	2584.2	5.898289828982898
677	maps/mazes/maze_002.map	1830	57234	1043.2	17.167955801104974
678	maps/mazes/maze_002.map	63536	37078	1323.2	16.455740578439965
679	maps/mazes/maze_002.map	26753	2242	2938.4	11.44545096494683
680	maps/mazes/maze_002.map	43828	48058	1127.2	20.917098445595855
681	maps/mazes/maze_002.map	23696	50861	1782.0	14.962362102530824
682	maps/mazes/maze_002.map	2032	44604	2720.8	8.262955032119914
683	maps/mazes/maze_002.map	21656	60031	1119.2	9.996884735202492
684	maps/mazes/maze_002.map	22920	21944	3427.6	10.593105778979385
685	maps/mazes/maze_002.map	54876	9449	3290.8	10.473274336283186
686	maps/mazes/maze_002.map	17567	36410	1900.2	12.17564259485924
687	maps/mazes/maze_002.map	63006	41140	1417.8	17.146039603960396
688	maps/mazes/maze_002.map	32684	62236	1096.8	18.219978746014878
689	maps/mazes/maze_002.map	63500	9110	2261.4	13.643223819301848
690	maps/mazes/maze_002.map	64030	5758	2478.0	12.939934303144064
691	maps/mazes/maze_002.map	34370	58101	1668.6	17.662011173184357
692	maps/mazes/maze_002.map	19670	29740	1642.6	12.195774647887324
693	maps/mazes/maze_002.map	37568	23764	2161.0	17.18225806451613
694	maps/mazes/maze_002.map	46738	2660	1636.6	19.221985815602835
695	maps/mazes/maze_002.map	47293	57396	1369.4	16.107993197278912
696	maps/mazes/maze_002.map	10266	57586	1645.4	17.39210155148096
697	maps/mazes/maze_002.map	14476	24278	1175.0	8.948514851485148
698	maps/mazes/maze_002.map	65022	23113	1525.8	6.858231707317073
699	maps/mazes/maze_002.map	3362	44712	1055.2	17.625686059275523
700	maps/mazes/maze_002.map	24822	43634	2293.4	5.885511651469098
701	maps/mazes/maze_002.map	6798	65268	2796.2	11.275790349417637
702	maps/mazes/maze_002.map	62085	35520	1672.8	12.702009702009702
703	maps/mazes/maze_002.map	19050	42664	1104.8	16.57544224765869
704	maps/mazes/maze_002.map	37152	51380	1485.0	18.103149606299212
705	maps/mazes/maze_002.map	8355	29846	1623.0	6.981375358166189
706	maps/mazes/maze_002.map	38959	62194	1933.6	15.373719107896322
707	maps/mazes/maze_002.map	33281	39606	1407.4	18.259535655058045
708	maps/mazes/maze_002.map	45175	29924	2492.8	14.204386374241718
709	maps/mazes/maze_002.map	16140	14224	1992.8	14.77803602556653
710	maps/mazes/maze_002.map	51676	62474	1835.0	11.871811224489797
711	maps/mazes/maze_002.map	151	63127	2970.4	12.537680593518157
712	maps/mazes/maze_002.map	8610	49222	2816.4	11.707145807517554
713	maps/mazes/maze_002.map	19108	12346	1934.0	12.480597014925372
714	maps/mazes/maze_002.map	34114	41660	1051.6	23.108768035516093
715	maps/mazes/maze_002.map	14475	47694	1607.8	10.833092485549132
716	maps/mazes/maze_002.map	13448	43076	2009.2	10.560369728480646
717	maps/mazes/maze_002.map	8718	27062	1351.4	18.902896081771722
718	maps/mazes/maze_002.map	29768	6800	1888.6	16.457055214723926
719	maps/mazes/maze_002.map	41872	13436	1429.6	20.54412955465587
720	maps/mazes/maze_002.map	54446	12706	2156.0	13.872237196765498
721	maps/mazes/maze_002.map	21146	24214	1933.6	16.132975551580202
722	maps/mazes/maze_002.map	4344	34518	1512.2	6.051857585139319
723	maps/mazes/maze_002.map	14706	25316	3156.0	11.375137513751374
724	maps/mazes/maze_002.map	30952	43623	2393.6	5.737275811924382
725	maps/mazes/maze_002.map	19320	10879	2280.6	12.676946410515672
726	maps/mazes/maze_002.map	31973	25300	1873.6	19.0130678282514
727	maps/mazes/maze_002.map	41497	32470	1390.0	18.107769423558896
728	maps/mazes/maze_002.map	8221	52410	1362.4	19.411063829787235
729	maps/mazes/maze_002.map	47946	52470	1085.6	11.682062298603652
730	maps/mazes/maze_002.map	24771	19638	1186.2	6.394685039370079
731	maps/mazes/maze_002.map	26140	17114	2905.0	12.2764
732	maps/mazes/maze_002.map	47326	58391	1649.4	12.610875706214689
733	maps/mazes/maze_002.map	8322	62726	2437.6	10.925059665871121
734	maps/mazes/maze_002.map	64088	30630	1523.8	13.326219512195122
735	maps/mazes/maze_002.map	40141	5000	1458.2	13.4224
736	maps/mazes/maze_002.map	48728	5466	1464.8	17.48934490923441
737	maps/mazes/maze_002.map	62584	39129	1883.8	13.482142857142858
738	maps/mazes/maze_002.map	1200	64524	2924.2	9.542595541401274
739	maps/mazes/maze_002.map	11738	1124	1006.4	6.266512166859791
740	maps/mazes/maze_002.map	54006	416	2663.8	12.268356643356643
741	maps/mazes/maze_002.map	16622	64627	3451.2	10.525446579036064
742	maps/mazes/maze_002.map	53984	11282	1567.8	9.145925925925926
743	maps/mazes/maze_002.map	1037	25330	2936.2	11.806235201262826
744	maps/mazes/maze_002.map	47347	30530	1627.0	7.189383070301291
745	maps/mazes/maze_002.map	13497	31576	2610.2	5.645592163846839
746	maps/mazes/maze_002.map	34334	30974	3001.2	12.024003097173829
747	maps/mazes/maze_002.map	11260	54325	3157.4	9.877490774907749
748	maps/mazes/maze_002.map	41995	7062	2115.8	14.68331503841932
749	maps/mazes/maze_002.map	15348	8198	2933.4	7.781299524564184
750	maps/mazes/maze_002.map	46722	18804	1552.8	19.54368932038835
751	maps/mazes/maze_003.map	62858	39642	1779.2	18.91445236552171
752	maps/mazes/maze_003.map	62052	5664	1162.6	14.268849206349206
753	maps/mazes/maze_003.map	49326	39657	1903.6	18.182205971968312
754	maps/mazes/maze_003.map	48301	172	1346.2	15.162629757785467
755	maps/mazes/maze_003.map	63050	48669	1373.6	13.93850042122999
756	maps/mazes/maze_003.map	45790	36016	1561.8	17.04646017699115
757	maps/mazes/maze_003.map	52728	36396	1938.6	12.664277180406213
758	maps/mazes/maze_003.map	15876	41446	1117.6	29.09617373319545
759	maps/mazes/maze_003.map	10438	58986	1431.2	23.434327155519743
760	maps/mazes/maze_003.map	64708	12910	1431.2	6.341365461847389
761	maps/mazes/maze_003.map	48854	32394	1712.0	18.003357958361317
762	maps/mazes/maze_003.map	31960	38571	1329.8	18.949565217391303
763	maps/mazes/maze_003.map	64636	28138	2154.8	15.338718362950996
764	maps/mazes/maze_003.map	52256	4076	1082.0	19.887459807073956
765	maps/mazes/maze_003.map	18096	56534	1783.0	19.2184655396619
766	maps/mazes/maze_003.map	37919	63400	1463.8	22.427892234548334
767	maps/mazes/maze_003.map	42610	31700	1323.0	23.58101045296167
768	maps/mazes/maze_003.map	6838	27038	1350.8	22.402053036783574
769	maps/mazes/maze_003.map	63564	12011	1682.0	17.377838953888507
770	maps/mazes/maze_003.map	62406	16618	1207.4	6.206666666666667
771	maps/mazes/maze_003.map	20120	60320	1823.8	20.181122448979593
772	maps/mazes/maze_003.map	59440	39676	1756.6	20.479524438573314
773	maps/mazes/maze_003.map	55544	20524	1479.0	10.521840873634945
774	maps/mazes/maze_003.map	41702	63030	1570.4	15.868091378039793
775	maps/mazes/maze_003.map	17766	33505	1185.0	22.383858267716537
776	maps/mazes/maze_003.map	40134	18463	1066.2	14.241341991341992
777	maps/mazes/maze_003.map	28142	38258	1306.0	16.03183023872679
778	maps/mazes/maze_003.map	51796	21710	1210.6	24.487595419847327
779	maps/mazes/maze_003.map	63157	15935	1138.0	8.429298067141405
780	maps/mazes/maze_003.map	36060	46420	1414.8	15.023751023751023
781	maps/mazes/maze_003.map	45265	42906	1901.0	17.77987804878049
782	maps/mazes/maze_003.map	65179	21579	1706.8	14.988505747126437
783	maps/mazes/maze_003.map	31863	43562	1115.4	15.971014492753623
784	maps/mazes/maze_003.map	56362	21186	1172.8	18.674234945705823
785	maps/mazes/maze_003.map	44478	22034	1163.0	13.660358565737052
786	maps/mazes/maze_003.map	59509	35870	1127.8	15.168032786885245
787	maps/mazes/maze_003.map	8676	55696	1263.2	23.735537190082646
788	maps/mazes/maze_003.map	58394	13515	1165.8	18.111332007952285
789	maps/mazes/maze_003.map	53914	28536	1266.4	19.798908098271156
790	maps/mazes/maze_003.map	19709	56467	1374.4	22.359493670886074
791	maps/mazes/maze_003.map	63738	34084	1935.4	11.948028673835125
792	maps/mazes/maze_003.map	20336	32923	1193.0	22.06346153846154
793	maps/mazes/maze_003.map	53499	48248	2080.8	15.723239046034386
794	maps/mazes/maze_003.map	47826	43650	1681.0	16.771291208791208
795	maps/mazes/maze_003.map	4514	60060	1595.2	23.573304157549234
796	maps/mazes/maze_003.map	16998	64731	1939.6	19.498509242695288
797	maps/mazes/maze_003.map	22167	44612	1050.2	18.180616740088105
798	maps/mazes/maze_003.map	54988	30433	1887.2	17.20835894283958
799	maps/mazes/maze_003.map	65206	48151	1441.8	12.991171749598715
800	maps/mazes/maze_003.map	41646	20858	1415.6	21.619591836734696
801	maps/mazes/maze_003.map	63600	26224	1691.4	13.814207650273223
802	maps/mazes/maze_003.map	30726	26860	1198.2	25.03411306042885
803	maps/mazes/maze_003.map	52912	5288	1439.6	12.861985472154963
804	maps/mazes/maze_003.map	18636	56505	1771.6	21.252452583387836
805	maps/mazes/maze_003.map	18608	60037	1519.4	20.21613394216134
806	maps/mazes/maze_003.map	33486	32895	1300.4	17.497777777777777
807	maps/mazes/maze_003.map	21243	39182	1390.6	16.530201342281877
808	maps/mazes/maze_003.map	61282	30225	1024.6	14.007900677200903
809	maps/mazes/maze_003.map	63503	32252	1660.2	19.627094972067038
810	maps/mazes/maze_003.map	43141	35530	1596.6	21.60289855072464
811	maps/mazes/maze_003.map	60636	8909	1588.4	5.9065894279507605
812	maps/mazes/maze_003.map	36340	59020	1786.2	17.6525974025974
813	maps/mazes/maze_003.map	52897	11404	1440.8	19.855993563958165
814	maps/mazes/maze_003.map	63733	21527	1600.4	9.834174477289114
815	maps/mazes/maze_003.map	56338	12842	1102.0	15.360672975814932
816	maps/mazes/maze_003.map	2972	51891	1419.8	25.09165302782324
817	maps/mazes/maze_003.map	60256	45250	2026.8	17.057045065601827
818	maps/mazes/maze_003.map	29841	9556	1078.6	12.058510638297872
819	maps/mazes/maze_003.map	63970	19796	1704.0	9.229463679565512
820	maps/mazes/maze_003.map	23599	51454	1506.4	24.066564651874522
821	maps/mazes/maze_003.map	61534	16599	1593.2	17.631082062454613
822	maps/mazes/maze_003.map	9872	52850	1024.8	25.31328036322361
823	maps/mazes/maze_003.map	62616	38656	1421.6	12.384300899427638
824	maps/mazes/maze_003.map	45768	56847	1007.6	10.757192174913694
825	maps/mazes/maze_003.map	34532	34861	1421.2	17.323265306122448
826	maps/mazes/maze_003.map	49256	25190	1019.4	22.02601809954751
827	maps/mazes/maze_003.map	5876	49204	1068.6	21.5
828	maps/mazes/maze_003.map	31951	45169	1424.0	20.665581773799836
829	maps/mazes/maze_003.map	59362	37116	1075.2	3.4552319309600863
830	maps/mazes/maze_003.map	17010	62620	1631.6	21.65201984408221
831	maps/mazes/maze_003.map	53340	14302	1282.8	24.936651583710407
832	maps/mazes/maze_003.map	51440	30238	1900.4	11.621424223980524
833	maps/mazes/maze_003.map	61520	11314	1422.4	14.735557363710333
834	maps/mazes/maze_003.map	45736	50900	1678.0	21.10475534114404
835	maps/mazes/maze_003.map	62400	8255	1637.4	7.964739069111425
836	maps/mazes/maze_003.map	26301	61605	1738.4	21.379746835443036
837	maps/mazes/maze_003.map	30931	55834	1444.4	20.260208166533225
838	maps/mazes/maze_003.map	44798	16456	1180.4	12.873405299313053
839	maps/mazes/maze_003.map	49472	57270	1039.6	18.74413407821229
840	maps/mazes/maze_003.map	35858	11456	1122.2	21.950310559006212
841	maps/mazes/maze_003.map	40623	32486	1422.6	21.94878048780488
842	maps/mazes/maze_003.map	42531	24255	1336.0	19.657963446475197
843	maps/mazes/maze_003.map	35594	25173	1064.6	20.14814814814815
844	maps/mazes/maze_003.map	35252	5844	1074.4	18.12297734627832
845	maps/mazes/maze_003.map	25000	49814	1530.2	19.78191489361702
846	maps/mazes/maze_003.map	55025	2374	1181.4	8.244639376218323
847	maps/mazes/maze_003.map	7914	63826	1708.0	20.447314751869477
848	maps/mazes/maze_003.map	27209	33017	1073.6	16.78902045209903
849	maps/mazes/maze_003.map	17641	11907	1013.6	16.23590333716916
850	maps/mazes/maze_003.map	15526	52981	1775.2	19.568909209666884
851	maps/mazes/maze_003.map	49450	5064	1051.2	21.846408839779006
852	maps/mazes/maze_003.map	13377	55770	1540.2	22.31852409638554
853	maps/mazes/maze_003.map	18569	65250	1714.2	20.888814016172507
854	maps/mazes/maze_003.map	11650	45918	1006.4	15.124280782508631
855	maps/mazes/maze_003.map	59616	31106	2046.6	8.953213077790304
856	maps/mazes/maze_003.map	27152	40685	1249.8	26.574487895716945
857	maps/mazes/maze_003.map	25056	34365	1052.6	15.98021978021978
858	maps/mazes/maze_003.map	60990	27896	1507.0	22.136712749615974
859	maps/mazes/maze_003.map	54884	5369	1135.8	20.629591836734694
860	maps/mazes/maze_003.map	32558	39146	1267.4	27.359232175502743
861	maps/mazes/maze_003.map	39470	51959	1919.2	19.103676913803497
862	maps/mazes/maze_003.map	49748	16095	1087.2	25.436634717784877
863	maps/mazes/maze_003.map	20892	54796	1211.2	20.45733461169703
864	maps/mazes/maze_003.map	17557	58098	1700.0	20.217450579413768
865	maps/mazes/maze_003.map	33977	22414	1100.6	19.70020964360587
866	maps/mazes/maze_003.map	48372	50264	1810.4	14.17546090273363
867	maps/mazes/maze_003.map	1218	50558	1176.4	25.491609081934847
868	maps/mazes/maze_003.map	44704	2612	1058.0	15.230515916575191
869	maps/mazes/maze_003.map	57812	63392	2884.0	12.822987585102123
870	maps/mazes/maze_003.map	34974	18360	1103.8	16.930208333333333
871	maps/mazes/maze_003.map	46305	61442	1749.8	18.34701986754967
872	maps/mazes/maze_003.map	14448	61588	1627.6	22.619013581129376
873	maps/mazes/maze_003.map	4788	52885	1121.4	27.13119834710744
874	maps/mazes/maze_003.map	27894	51832	1534.2	18.3763197586727
875	maps/mazes/maze_003.map	17476	35988	1131.0	21.9877800407332
876	maps/mazes/maze_003.map	36056	54791	1720.4	17.971640783254557
877	maps/mazes/maze_003.map	58580	5912	1654.2	7.182960893854749
878	maps/mazes/maze_003.map	40064	19617	1005.2	23.668584579976987
879	maps/mazes/maze_003.map	48230	33527	1652.6	21.590589887640448
880	maps/mazes/maze_003.map	18838	29076	1356.8	21.08836023789295
881	maps/mazes/maze_003.map	14020	61483	1063.6	25.447339847991312
882	maps/mazes/maze_003.map	45220	38093	1484.2	22.333853354134167
883	maps/mazes/maze_003.map	53870	44245	1468.6	22.95361635220126
884	maps/mazes/maze_003.map	54932	31979	1501.4	21.22153846153846
885	maps/mazes/maze_003.map	36420	61627	2059.4	18.082306830907054
886	maps/mazes/maze_003.map	57650	62667	2327.0	16.142005958291957
887	maps/mazes/maze_003.map	43610	23120	1014.4	25.445838084378565
888	maps/mazes/maze_003.map	45022	39030	1352.4	15.72549019607843
889	maps/mazes/maze_003.map	49774	24026	1285.4	23.303249097472925
890	maps/mazes/maze_003.map	51423	5792	1076.6	11.47340425531915
891	maps/mazes/maze_003.map	31748	12028	1036.0	23.03037120359955
892	maps/mazes/maze_003.map	44234	64729	2857.6	13.225819506272764
893	maps/mazes/maze_003.map	64708	16390	1743.4	8.491424802110817
894	maps/mazes/maze_003.map	60594	28030	1620.2	16.044222539229672
895	maps/mazes/maze_003.map	25634	42707	1089.6	29.806998939554614
896	maps/mazes/maze_003.map	33242	26743	1244.2	13.494402985074627
897	maps/mazes/maze_003.map	15336	54714	2094.4	18.052193225985565
898	maps/mazes/maze_003.map	36415	51170	1574.6	22.845760233918128
899	maps/mazes/maze_003.map	64250	13674	1283.6	7.573858549686661
900	maps/mazes/maze_003.map	43258	57754	1911.0	17.211259079903147
901	maps/mazes/maze_003.map	1103	48787	1149.6	27.34720812182741
902	maps/mazes/maze_003.map	42946	63086	2228.4	16.723636363636363
903	maps/mazes/maze_003.map	27304	59066	1776.8	18.94898626553303
904	maps/mazes/maze_003.map	7343	61574	1410.6	22.957307060755337
905	maps/mazes/maze_003.map	55014	61585	2279.6	14.904906423874557
906	maps/mazes/maze_003.map	38113	17589	1346.4	14.50561797752809
907	maps/mazes/maze_003.map	64656	1239	1639.6	13.02893436838391
908	maps/mazes/maze_003.map	43528	53988	1806.4	20.258808456117873
909	maps/mazes/maze_003.map	57952	35855	1274.0	13.224341507720254
910	maps/mazes/maze_003.map	43732	49344	1992.2	17.696511627906975
911	maps/mazes/maze_003.map	40706	10490	1153.8	20.552738336713997
912	maps/mazes/maze_003.map	18128	43070	1228.4	21.61473087818697
913	maps/mazes/maze_003.map	64144	53998	2580.0	14.198387819077475
914	maps/mazes/maze_003.map	20526	63705	1916.6	19.683734939759034
915	maps/mazes/maze_003.map	36832	28448	1202.8	14.954589371980676
916	maps/mazes/maze_003.map	49833	1075	1058.0	13.417124039517015
917	maps/mazes/maze_003.map	55286	53773	2056.2	15.120495495495495
918	maps/mazes/maze_003.map	52298	13957	1075.2	23.499462943071965
919	maps/mazes/maze_003.map	20278	33945	1173.4	22.2475442043222
920	maps/mazes/maze_003.map	61736	49886	1649.0	20.963534361851334
921	maps/mazes/maze_003.map	49166	30136	1488.2	19.993001555209954
922	maps/mazes/maze_003.map	64159	18040	1614.0	14.525411596277738
923	maps/mazes/maze_003.map	11497	27564	1131.0	18.561855670103093
924	maps/mazes/maze_003.map	7315	55845	1152.8	21.22860020140987
925	maps/mazes/maze_003.map	47056	43786	1468.8	14.011820330969266
926	maps/mazes/maze_003.map	47143	54502	2017.2	18.11919770773639
927	maps/mazes/maze_003.map	57512	22494	1919.4	15.31378476420798
928	maps/mazes/maze_003.map	51400	12922	1440.8	14.410670978173
929	maps/mazes/maze_003.map	41866	63138	1116.8	16.681489141675286
930	maps/mazes/maze_003.map	33794	19414	1006.0	23.32485549132948
931	maps/mazes/maze_003.map	54278	62637	1004.8	13.573580533024334
932	maps/mazes/maze_003.map	48158	44008	1629.0	21.350354609929077
933	maps/mazes/maze_003.map	62888	30355	1439.0	11.213483146067416
934	maps/mazes/maze_003.map	53991	61448	2195.0	14.683544303797468
935	maps/mazes/maze_003.map	15434	64651	1585.8	22.21970802919708
936	maps/mazes/maze_003.map	51420	11306	1189.6	12.007744433688286
937	maps/mazes/maze_003.map	61645	8779	1661.2	7.794996525364836
938	maps/mazes/maze_003.map	42750	28216	1371.4	13.65793918918919
939	maps/mazes/maze_003.map	47243	15094	1364.0	19.319148936170212
940	maps/mazes/maze_003.map	30389	35822	1405.8	13.46039603960396
941	maps/mazes/maze_003.map	58092	16042	1767.6	10.876882776686314
942	maps/mazes/maze_003.map	64304	24266	1770.4	17.302416721097323
943	maps/mazes/maze_003.map	28732	31461	1102.8	28.607555089192026
944	maps/mazes/maze_003.map	11670	63719	1836.2	19.612373737373737
945	maps/mazes/maze_003.map	45216	27327	1393.2	17.568692756036636
946	maps/mazes/maze_003.map	10866	65036	1073.2	23.34385201305767
947	maps/mazes/maze_003.map	40556	62410	2065.6	18.150195421552205
948	maps/mazes/maze_003.map	60653	6330	1081.6	7.63626723223754
949	maps/mazes/maze_003.map	37595	19069	1136.4	12.985699693564863
950	maps/mazes/maze_003.map	14232	43378	1181.2	17.094210009813544
951	maps/mazes/maze_003.map	17224	49678	1120.0	20.220145379023883
952	maps/mazes/maze_003.map	31214	52830	1282.4	17.344734473447346
953	maps/mazes/maze_003.map	53414	19578	1264.4	18.578995433789956
954	maps/mazes/maze_003.map	52425	46346	1312.6	12.626110124333925
955	maps/mazes/maze_003.map	44734	60184	1661.8	17.503486750348674
956	maps/mazes/maze_003.map	18156	40590	1247.0	16.99443413729128
957	maps/mazes/maze_003.map	24239	33419	1053.6	17.11991199119912
958	maps/mazes/maze_003.map	34974	63222	2077.8	17.65909090909091
959	maps/mazes/maze_003.map	42744	40997	1590.6	14.978832116788322
960	maps/mazes/maze_003.map	28902	57945	1269.0	17.612932604735885
961	maps/mazes/maze_003.map	20023	48889	1398.8	22.549958711808422
962	maps/mazes/maze_003.map	51940	40497	1645.4	14.873595505617978
963	maps/mazes/maze_003.map	58107	28818	2200.6	14.326359832635983
964	maps/mazes/maze_003.map	16844	58612	1197.0	22.391969407265773
965	maps/mazes/maze_003.map	47148	4317	1122.0	11.83419689119171
966	maps/mazes/maze_003.map	38000	23942	1126.8	26.03377686796315
967	maps/mazes/maze_003.map	27380	27048	1281.4	16.547272727272727
968	maps/mazes/maze_003.map	64448	26220	1850.6	9.216064757160648
969	maps/mazes/maze_003.map	30376	63204	2011.0	18.14071510957324
970	maps/mazes/maze_003.map	34009	22856	1187.8	15.107212475633528
971	maps/mazes/maze_003.map	15832	54322	1079.4	23.31477516059957
972	maps/mazes/maze_003.map	17558	27598	1006.6	14.722863741339491
973	maps/mazes/maze_003.map	21092	35482	1133.6	23.33197969543147
974	maps/mazes/maze_003.map	62597	12389	1300.8	16.84177777777778
975	maps/mazes/maze_003.map	19374	30812	1127.2	14.119464469618949
976	maps/mazes/maze_003.map	47216	23231	1335.2	22.89052997393571
977	maps/mazes/maze_003.map	65176	11792	1171.4	10.775691699604742
978	maps/mazes/maze_003.map	36028	55978	2274.8	16.496688741721854
979	maps/mazes/maze_003.map	60517	15704	1414.2	15.72340425531915
980	maps/mazes/maze_003.map	17015	38110	1053.0	19.68791208791209
981	maps/mazes/maze_003.map	24075	55034	1564.0	23.336047372316802
982	maps/mazes/maze_003.map	22718	56034	1066.2	14.58207343412527
983	maps/mazes/maze_003.map	17344	48169	1069.0	23.941558441558442
984	maps/mazes/maze_003.map	31416	27954	1055.6	16.02617230098146
985	maps/mazes/maze_003.map	34341	48255	1022.0	16.761092150170647
986	maps/mazes/maze_003.map	40120	24673	1115.8	19.40082644628099
987	maps/mazes/maze_003.map	41150	22139	1468.0	15.284028324154209
988	maps/mazes/maze_003.map	31820	50908	1403.6	22.039376538146023
989	maps/mazes/maze_003.map	20284	37077	1044.2	19.934444444444445
990	maps/mazes/maze_003.map	53483	16932	1508.8	10.081101759755164
991	maps/mazes/maze_003.map	33399	11999	1034.8	22.118967452300787
992	maps/mazes/maze_003.map	8841	42161	1050.8	25.159468438538205
993	maps/mazes/maze_003.map	30964	54866	1331.8	17.14991334488735
994	maps/mazes/maze_003.map	55516	21739	1814.0	16.814696485623003
995	maps/mazes/maze_003.map	15504	50303	1146.2	25.598577235772357
996	maps/mazes/maze_003.map	24668	49352	1564.0	21.630096367679762
997	maps/mazes/maze_003.map	30949	45352	1432.6	19.696110210696922
998	maps/mazes/maze_003.map	52904	31606	1376.6	19.270903010033443
999	maps/mazes/maze_003.map	32398	13874	1108.4	14.555555555555555
1000	maps/mazes/maze_003.map	25666	13542	1007.4	17.36111111111111
1001	maps/mazes/maze_004.map	54923	8850	1449.8	18.521394611727416
1002	maps/mazes/maze_004.map	39326	58428	1199.6	19.920310981535472
1003	maps/mazes/maze_004.map	46978	14790	1579.2	21.969875091844234
1004	maps/mazes/maze_004.map	107	44674	1121.2	19.01630988786952
1005	maps/mazes/maze_004.map	44740	1745	2075.2	18.18537130094919
1006	maps/mazes/maze_004.map	63568	59870	1543.4	20.58545727136432
1007	maps/mazes/maze_004.map	38812	57750	1005.2	16.397923875432525
1008	maps/mazes/maze_004.map	42242	30928	1038.6	24.824719101123595
1009	maps/mazes/maze_004.map	6206	7366	1257.2	22.50046168051708
1010	maps/mazes/maze_004.map	5762	59062	1677.2	18.429854872149274
1011	maps/mazes/maze_004.map	62664	29876	1405.6	6.4045864045864045
1012	maps/mazes/maze_004.map	38451	28399	1202.8	28.95072463768116
1013	maps/mazes/maze_004.map	53604	19598	1261.4	19.842830882352942
1014	maps/mazes/maze_004.map	53170	43892	1244.4	11.08679593721145
1015	maps/mazes/maze_004.map	18163	49281	1489.6	11.74479568234387
1016	maps/mazes/maze_004.map	60256	42218	1041.6	13.941045606229144
1017	maps/mazes/maze_004.map	3241	5782	1412.2	18.895253682487724
1018	maps/mazes/maze_004.map	63302	11516	1404.0	22.33497942386831
1019	maps/mazes/maze_004.map	34686	6394	1579.0	23.621700879765395
1020	maps/mazes/maze_004.map	49400	52909	1099.8	15.984309623430962
1021	maps/mazes/maze_004.map	54110	57072	1086.8	13.543039319872475
1022	maps/mazes/maze_004.map	15482	48136	1164.4	18.526526526526528
1023	maps/mazes/maze_004.map	47813	21143	1332.8	18.860748476936468
1024	maps/mazes/maze_004.map	46743	28383	1393.2	24.940149625935163
1025	maps/mazes/maze_004.map	60474	51883	1307.4	16.480530973451327
1026	maps/mazes/maze_004.map	30924	62656	1697.6	18.734470989761093
1027	maps/mazes/maze_004.map	13317	63150	1022.8	30.96962879640045
1028	maps/mazes/maze_004.map	46243	41503	1053.2	8.683572216097023
1029	maps/mazes/maze_004.map	29741	9948	1629.0	23.002844950213372
1030	maps/mazes/maze_004.map	58081	47236	1481.8	10.2015503875969
1031	maps/mazes/maze_004.map	43750	8425	1982.4	18.87405247813411
1032	maps/mazes/maze_004.map	5811	62372	1684.6	19.01103448275862
1033	maps/mazes/maze_004.map	40666	13054	1438.8	21.46511627906977
1034	maps/mazes/maze_004.map	2274	57600	1292.4	12.937555753791258
1035	maps/mazes/maze_004.map	4286	51275	2353.8	14.398029556650247
1036	maps/mazes/maze_004.map	30320	5344	1656.2	22.537709497206706
1037	maps/mazes/maze_004.map	18086	48305	1539.4	21.57218045112782
1038	maps/mazes/maze_004.map	44722	57377	1051.8	17.516592920353983
1039	maps/mazes/maze_004.map	57294	62504	1512.6	11.42737003058104
1040	maps/mazes/maze_004.map	8321	2462	1380.2	14.552013422818792
1041	maps/mazes/maze_004.map	11489	45960	1300.2	11.962633451957295
1042	maps/mazes/maze_004.map	59500	32485	1454.4	23.04396482813749
1043	maps/mazes/maze_004.map	4832	53018	1899.6	10.56383628588882
1044	maps/mazes/maze_004.map	35554	41312	1468.8	12.32596685082873
1045	maps/mazes/maze_004.map	26267	51278	1223.4	23.27047619047619
1046	maps/mazes/maze_004.map	3338	34523	1038.6	23.887777777777778
1047	maps/mazes/maze_004.map	3251	60039	1488.8	14.161089494163424
1048	maps/mazes/maze_004.map	28369	54882	1503.4	15.55177743431221
1049	maps/mazes/maze_004.map	30076	59078	1199.0	23.263461538461538
1050	maps/mazes/maze_004.map	595	54436	1315.6	24.09519650655022
1051	maps/mazes/maze_004.map	10446	48173	1418.2	11.190983606557378
1052	maps/mazes/maze_004.map	34482	9981	1189.0	24.722437137330754
1053	maps/mazes/maze_004.map	22751	40189	1728.8	12.032323232323233
1054	maps/mazes/maze_004.map	41286	13048	1135.8	27.33502024291498
1055	maps/mazes/maze_004.map	45076	638	1434.6	20.379032258064516
1056	maps/mazes/maze_004.map	24709	5371	1718.4	21.692255892255893
1057	maps/mazes/maze_004.map	15252	47778	1504.4	21.80630284396618
1058	maps/mazes/maze_004.map	28924	4192	1420.8	10.62122448979592
1059	maps/mazes/maze_004.map	11928	58108	1342.4	14.121447028423773
1060	maps/mazes/maze_004.map	56929	32758	1585.0	21.390029325513197
1061	maps/mazes/maze_004.map	61149	37520	1359.0	6.9022108843537415
1062	maps/mazes/maze_004.map	9838	62526	1184.8	14.155121951219511
1063	maps/mazes/maze_004.map	62660	4861	1969.8	14.925320886814468
1064	maps/mazes/maze_004.map	2990	26492	1019.2	15.054237288135592
1065	maps/mazes/maze_004.map	4699	31158	1045.4	16.235164835164834
1066	maps/mazes/maze_004.map	13001	31662	1377.4	9.99492385786802
1067	maps/mazes/maze_004.map	16638	53196	1351.4	11.850594227504244
1068	maps/mazes/maze_004.map	64727	29919	1703.2	20.169503063308373
1069	maps/mazes/maze_004.map	64756	2866	1088.0	15.277719112988384
1070	maps/mazes/maze_004.map	29349	5006	1365.0	24.107142857142858
1071	maps/mazes/maze_004.map	65230	20712	2218.6	15.953319502074688
1072	maps/mazes/maze_004.map	63576	65218	1325.4	17.037521815008727
1073	maps/mazes/maze_004.map	9300	7562	1377.8	20.61512605042017
1074	maps/mazes/maze_004.map	14549	32192	1920.6	16.539903264812576
1075	maps/mazes/maze_004.map	23730	50974	1232.2	13.688323917137476
1076	maps/mazes/maze_004.map	39526	21733	1292.2	28.33153153153153
1077	maps/mazes/maze_004.map	31926	12470	1898.0	18.71041281577326
1078	maps/mazes/maze_004.map	16080	45284	1447.2	16.45316253002402
1079	maps/mazes/maze_004.map	64037	32442	1365.0	19.376500857632934
1080	maps/mazes/maze_004.map	48886	53786	1059.6	16.929747530186606
1081	maps/mazes/maze_004.map	2111	23238	1182.8	19.431929480901076
1082	maps/mazes/maze_004.map	23640	60130	1062.6	27.856060606060606
1083	maps/mazes/maze_004.map	7925	27258	1770.2	9.631544502617801
1084	maps/mazes/maze_004.map	36075	43205	1666.8	16.14954577218728
1085	maps/mazes/maze_004.map	48538	8258	1291.2	13.421805183199286
1086	maps/mazes/maze_004.map	62096	22086	1146.0	15.592964824120603
1087	maps/mazes/maze_004.map	28346	12384	1393.6	14.703580349708576
1088	maps/mazes/maze_004.map	57049	23634	1016.4	18.42598870056497
1089	maps/mazes/maze_004.map	8440	52758	1906.2	10.447015834348356
1090	maps/mazes/maze_004.map	56953	33220	1118.6	22.858333333333334
1091	maps/mazes/maze_004.map	63579	2626	1104.6	15.311458333333333
1092	maps/mazes/maze_004.map	9743	59868	1409.4	26.38172920065253
1093	maps/mazes/maze_004.map	14938	23772	1338.2	22.19150779896014
1094	maps/mazes/maze_004.map	6536	63314	1488.8	14.335675253708041
1095	maps/mazes/maze_004.map	205	12940	1245.8	15.480519480519481
1096	maps/mazes/maze_004.map	51937	56090	1044.2	18.606194690265486
1097	maps/mazes/maze_004.map	14738	37536	1288.0	18.26558265582656
1098	maps/mazes/maze_004.map	3821	31402	1128.4	11.904179408766565
1099	maps/mazes/maze_004.map	22150	35033	1237.2	21.370892018779344
1100	maps/mazes/maze_004.map	8990	3518	1074.4	23.71135135135135
1101	maps/mazes/maze_004.map	58622	52650	1071.4	16.518201284796575
1102	maps/mazes/maze_004.map	23440	12027	1279.4	18.601083032490976
1103	maps/mazes/maze_004.map	57128	35029	1090.6	18.673819742489272
1104	maps/mazes/maze_004.map	15584	43736	1386.4	11.30686517783292
1105	maps/mazes/maze_004.map	16256	60493	1282.6	22.029891304347824
1106	maps/mazes/maze_004.map	29411	3103	1214.8	8.482262703739213
1107	maps/mazes/maze_004.map	56509	18642	1872.4	19.22023442319556
1108	maps/mazes/maze_004.map	38128	8376	1569.4	21.535555555555554
1109	maps/mazes/maze_004.map	54457	30390	1241.6	7.147358665430954
1110	maps/mazes/maze_004.map	44573	486	1346.6	19.124570446735394
1111	maps/mazes/maze_004.map	43466	12146	1445.2	20.196933010492334
1112	maps/mazes/maze_004.map	61144	59500	1480.4	7.9633671083398285
1113	maps/mazes/maze_004.map	47854	59842	1185.6	17.659201557935734
1114	maps/mazes/maze_004.map	6874	54666	2151.4	14.336197636949517
1115	maps/mazes/maze_004.map	13526	60752	1662.6	11.43115438108484
1116	maps/mazes/maze_004.map	51878	48362	1158.0	10.192651439920557
1117	maps/mazes/maze_004.map	53324	402	1598.8	17.82331643736423
1118	maps/mazes/maze_004.map	57017	1588	1225.0	11.85969868173258
1119	maps/mazes/maze_004.map	60539	16574	1270.2	23.76909090909091
1120	maps/mazes/maze_004.map	9861	13028	1762.0	19.81740276862228
1121	maps/mazes/maze_004.map	45643	63162	1012.6	21.760227272727274
1122	maps/mazes/maze_004.map	3174	10210	1429.8	18.045528455284554
1123	maps/mazes/maze_004.map	27262	18598	1096.8	25.4031746031746
1124	maps/mazes/maze_004.map	58557	21668	1447.8	19.197916666666668
1125	maps/mazes/maze_004.map	61436	5110	1919.2	19.344144144144146
1126	maps/mazes/maze_004.map	54417	7302	1399.6	23.63891178895301
1127	maps/mazes/maze_004.map	3725	49988	1482.2	22.605304212168488
1128	maps/mazes/maze_004.map	7844	7879	1420.8	19.82885085574572
1129	maps/mazes/maze_004.map	21659	60035	1146.4	15.158475426278837
1130	maps/mazes/maze_004.map	45726	27830	1440.6	18.59935379644588
1131	maps/mazes/maze_004.map	18650	60115	2096.6	17.881030701754387
1132	maps/mazes/maze_004.map	52425	11893	1256.4	23.318559556786703
1133	maps/mazes/maze_004.map	56386	60154	1334.0	11.403127715030408
1134	maps/mazes/maze_004.map	28207	5766	1056.2	31.591903719912473
1135	maps/mazes/maze_004.map	1756	39560	1717.8	7.308467741935484
1136	maps/mazes/maze_004.map	4227	59043	1448.0	22.930787589498806
1137	maps/mazes/maze_004.map	17854	58006	1396.8	17.657829328914666
1138	maps/mazes/maze_004.map	57019	30674	1311.8	14.947602131438721
1139	maps/mazes/maze_004.map	11927	30841	1110.0	13.390575916230366
1140	maps/mazes/maze_004.map	57544	65238	1520.0	11.003028009084026
1141	maps/mazes/maze_004.map	2230	46828	1256.4	17.29497716894977
1142	maps/mazes/maze_004.map	27781	16112	1269.0	25.17785843920145
1143	maps/mazes/maze_004.map	16270	64192	1842.8	19.877896055103317
1144	maps/mazes/maze_004.map	16505	58570	1552.8	23.12323682256867
1145	maps/mazes/maze_004.map	23116	56570	1022.2	17.768456375838927
1146	maps/mazes/maze_004.map	59868	2924	1801.2	14.691618682021753
1147	maps/mazes/maze_004.map	42530	5690	1099.4	15.755274261603375
1148	maps/mazes/maze_004.map	3764	51874	1684.2	18.869834710743802
1149	maps/mazes/maze_004.map	8156	24202	1763.4	9.04927726675427
1150	maps/mazes/maze_004.map	3777	61036	1440.8	12.37449556093624
1151	maps/mazes/maze_004.map	24806	39468	1411.4	8.402640264026402
1152	maps/mazes/maze_004.map	56394	29372	1515.6	18.428571428571427
1153	maps/mazes/maze_004.map	7800	6827	1435.4	17.979740680713128
1154	maps/mazes/maze_004.map	53914	18994	1028.8	9.793756967670012
1155	maps/mazes/maze_004.map	28806	6883	1696.8	21.987048398091343
1156	maps/mazes/maze_004.map	13028	38437	1378.0	8.087175188600167
1157	maps/mazes/maze_004.map	50	49372	1114.8	17.305641025641027
1158	maps/mazes/maze_004.map	16604	62322	1703.8	11.153378378378378
1159	maps/mazes/maze_004.map	38970	60104	1153.2	28.06580259222333
1160	maps/mazes/maze_004.map	26016	62169	1411.0	21.70949263502455
1161	maps/mazes/maze_004.map	57008	50164	1301.6	9.228116710875332
1162	maps/mazes/maze_004.map	2212	5288	1452.0	17.248204309656824
1163	maps/mazes/maze_004.map	15606	16832	1449.4	14.284345047923322
1164	maps/mazes/maze_004.map	24298	29858	1500.0	10.281613653995345
1165	maps/mazes/maze_004.map	3631	5506	1205.4	21.198458574181117
1166	maps/mazes/maze_004.map	3950	58274	1531.2	21.6611320754717
1167	maps/mazes/maze_004.map	56168	324	1131.6	16.511698880976603
1168	maps/mazes/maze_004.map	15078	62540	1457.4	13.16877971473851
1169	maps/mazes/maze_004.map	4324	51951	1870.4	10.805298829328404
1170	maps/mazes/maze_004.map	59992	1890	1146.2	16.825301204819276
1171	maps/mazes/maze_004.map	49721	14332	1419.0	21.77967479674797
1172	maps/mazes/maze_004.map	45798	11952	1687.4	20.81542699724518
1173	maps/mazes/maze_004.map	23244	4849	2099.0	17.393805309734514
1174	maps/mazes/maze_004.map	63470	55460	1077.0	15.598081023454158
1175	maps/mazes/maze_004.map	1629	44637	1072.8	18.149413020277482
1176	maps/mazes/maze_004.map	54854	55794	1296.4	10.91047448522829
1177	maps/mazes/maze_004.map	34308	31456	1032.8	27.9819209039548
1178	maps/mazes/maze_004.map	10492	55646	1481.0	16.807153965785382
1179	maps/mazes/maze_004.map	28960	11957	1370.6	25.730375426621162
1180	maps/mazes/maze_004.map	52922	704	1648.6	15.332406119610571
1181	maps/mazes/maze_004.map	6596	52811	2309.4	14.250251256281407
1182	maps/mazes/maze_004.map	61954	15082	1572.6	20.621502209131076
1183	maps/mazes/maze_004.map	4344	53271	1357.8	14.41396933560477
1184	maps/mazes/maze_004.map	57548	4300	1965.0	17.15
1185	maps/mazes/maze_004.map	35951	24303	1351.2	27.01894918173988
1186	maps/mazes/maze_004.map	27872	10265	1265.8	7.002762430939226
1187	maps/mazes/maze_004.map	62135	54861	1422.8	19.084219133278822
1188	maps/mazes/maze_004.map	42673	5746	1251.2	19.656509695290858
1189	maps/mazes/maze_004.map	13176	50258	1483.2	22.987450980392158
1190	maps/mazes/maze_004.map	51798	37108	1091.8	14.945628997867804
1191	maps/mazes/maze_004.map	1750	29396	2160.4	13.497041420118343
1192	maps/mazes/maze_004.map	55382	6378	1935.4	19.16208133971292
1193	maps/mazes/maze_004.map	5311	58425	1957.6	8.608052101835405
1194	maps/mazes/maze_004.map	21878	58388	1048.4	19.223204419889502
1195	maps/mazes/maze_004.map	4586	49112	1858.4	10.921264724116552
1196	maps/mazes/maze_004.map	7325	38048	1232.8	18.144329896907216
1197	maps/mazes/maze_004.map	47722	12974	1571.8	22.151403249630725
1198	maps/mazes/maze_004.map	27902	31536	1283.8	9.378181818181819
1199	maps/mazes/maze_004.map	22659	59054	1210.8	22.813155386081984
1200	maps/mazes/maze_004.map	39582	8276	1170.8	19.08209693372898
1201	maps/mazes/maze_004.map	22776	29404	1806.4	16.556840077071293
1202	maps/mazes/maze_004.map	60448	26809	1324.8	21.53757736516357
1203	maps/mazes/maze_004.map	56938	9368	1145.8	22.151606425702813
1204	maps/mazes/maze_004.map	16036	47335	1317.4	17.318421052631578
1205	maps/mazes/maze_004.map	17116	42633	1434.4	7.958970233306516
1206	maps/mazes/maze_004.map	46664	11150	1266.6	25.16819012797075
1207	maps/mazes/maze_004.map	3659	47768	1243.4	25.151571164510166
1208	maps/mazes/maze_004.map	45767	59162	1157.4	17.11569416498994
1209	maps/mazes/maze_004.map	52708	7323	1228.2	18.917910447761194
1210	maps/mazes/maze_004.map	728	23710	1143.4	14.554435483870968
1211	maps/mazes/maze_004.map	23550	25262	1459.8	11.343848580441641
1212	maps/mazes/maze_004.map	63884	49880	1055.4	13.679431072210066
1213	maps/mazes/maze_004.map	47284	14048	1996.6	18.276300578034682
1214	maps/mazes/maze_004.map	30712	30162	1761.2	16.338186631369954
1215	maps/mazes/maze_004.map	50229	19586	1054.2	18.188325991189426
1216	maps/mazes/maze_004.map	12957	61022	1219.4	14.358095238095238
1217	maps/mazes/maze_004.map	16521	65033	1246.8	20.19234360410831
1218	maps/mazes/maze_004.map	61490	19866	1176.8	21.281899109792285
1219	maps/mazes/maze_004.map	6866	60514	1948.2	9.090261282660332
1220	maps/mazes/maze_004.map	58034	64942	1506.4	15.079048349961626
1221	maps/mazes/maze_004.map	12491	52858	1415.4	10.672413793103448
1222	maps/mazes/maze_004.map	53270	2269	1983.6	19.06377998829725
1223	maps/mazes/maze_004.map	39165	3215	1414.0	21.252648736756317
1224	maps/mazes/maze_004.map	20616	2198	1207.6	18.5549188156638
1225	maps/mazes/maze_004.map	41650	16619	1491.4	21.548686244204017
1226	maps/mazes/maze_004.map	45298	13038	1779.0	20.836150845253577
1227	maps/mazes/maze_004.map	65029	19548	1111.4	15.366876310272536
1228	maps/mazes/maze_004.map	38128	9616	1567.2	21.348630643967432
1229	maps/mazes/maze_004.map	26814	18706	1020.8	6.889142857142857
1230	maps/mazes/maze_004.map	63232	15608	1542.8	20.385596399099775
1231	maps/mazes/maze_004.map	7226	57563	1524.0	24.129615674453653
1232	maps/mazes/maze_004.map	59746	19198	1622.2	20.744318181818183
1233	maps/mazes/maze_004.map	533	6287	1171.6	24.41839762611276
1234	maps/mazes/maze_004.map	11952	52818	1953.4	17.402031063321385
1235	maps/mazes/maze_004.map	60051	52450	1220.2	9.632325141776938
1236	maps/mazes/maze_004.map	9152	4978	1348.0	13.627045650301465
1237	maps/mazes/maze_004.map	4786	42718	1462.4	14.380270485282418
1238	maps/mazes/maze_004.map	20710	30550	1337.6	9.627264883520276
1239	maps/mazes/maze_004.map	1054	61618	1131.0	24.59979633401222
1240	maps/mazes/maze_004.map	4339	18616	1326.6	14.6326352530541
1241	maps/mazes/maze_004.map	59174	60128	1555.8	20.566220238095237
1242	maps/mazes/maze_004.map	24277	390	1590.6	13.656705539358601
1243	maps/mazes/maze_004.map	8446	55379	1495.2	17.34719014626636
1244	maps/mazes/maze_004.map	996	56424	1372.6	16.57969798657718
1245	maps/mazes/maze_004.map	19950	60574	1779.6	18.10485436893204
1246	maps/mazes/maze_004.map	30752	57568	1235.4	25.396067415730336
1247	maps/mazes/maze_004.map	56051	21116	1079.0	18.353632478632477
1248	maps/mazes/maze_004.map	43426	13470	1271.4	21.73583180987203
1249	maps/mazes/maze_004.map	17110	6324	1808.2	13.42095115681234
1250	maps/mazes/maze_004.map	57566	51950	1435.6	7.865707434052758
