1024
1	maps/smallMaps/012.map	12544	11873	105.8	31.044944
2	maps/smallMaps/012.map	19916	5257	128.4	27.226415
3	maps/smallMaps/012.map	14035	9804	111.4	20.913978
4	maps/smallMaps/012.map	8182	12708	115.2	27.130435
5	maps/smallMaps/012.map	6543	19913	134.8	23.527273
6	maps/smallMaps/012.map	9637	18897	140.0	12.956897
7	maps/smallMaps/012.map	14034	9789	130.2	25.523364
8	maps/smallMaps/012.map	14491	9222	111.4	18.578947
9	maps/smallMaps/012.map	10072	12376	105.8	9.146067
10	maps/smallMaps/012.map	7309	18736	100.0	19.619048
11	maps/smallMaps/012.map	11416	12063	106.0	23.909091
12	maps/smallMaps/012.map	12851	10523	141.6	27.596491
13	maps/smallMaps/012.map	10311	11723	100.4	21.197674
14	maps/smallMaps/012.map	18163	11141	110.2	29.482759
15	maps/smallMaps/012.map	12007	16629	116.4	16.145833
16	maps/smallMaps/012.map	4802	17718	114.4	10.957447
17	maps/smallMaps/012.map	4654	16233	103.8	10.609195
18	maps/smallMaps/012.map	10624	8165	105.4	11.736264
19	maps/smallMaps/012.map	19926	13947	106.8	18.011364
20	maps/smallMaps/012.map	13895	7575	130.0	15.427273
21	maps/smallMaps/012.map	8623	19469	121.6	26.081633
22	maps/smallMaps/012.map	10228	15652	126.6	8.504854
23	maps/smallMaps/012.map	9638	13598	143.6	20.067797
24	maps/smallMaps/012.map	12902	15028	100.0	7.809524
25	maps/smallMaps/012.map	11276	20066	136.8	18.473684
26	maps/smallMaps/012.map	13452	10374	149.6	25.870968
27	maps/smallMaps/012.map	14324	6551	110.8	22.195652
28	maps/smallMaps/012.map	12546	11276	104.2	23.298851
29	maps/smallMaps/012.map	17407	10235	120.8	28.48
30	maps/smallMaps/012.map	16538	4063	113.0	25.397849
31	maps/smallMaps/012.map	20212	7744	114.0	13.574468
32	maps/smallMaps/012.map	10221	18274	135.4	12.707965
33	maps/smallMaps/012.map	6690	19762	135.0	24.917431
34	maps/smallMaps/012.map	18166	11864	132.8	32.564815
35	maps/smallMaps/012.map	5398	14332	107.8	14.370787
36	maps/smallMaps/012.map	18746	11429	126.8	31.95283
37	maps/smallMaps/012.map	14193	13357	110.8	16.28125
38	maps/smallMaps/012.map	9813	13306	115.4	20.263158
39	maps/smallMaps/012.map	16819	4358	107.8	24.824176
40	maps/smallMaps/012.map	12392	12013	105.4	26.666667
41	maps/smallMaps/012.map	11575	19764	138.0	21.745614
42	maps/smallMaps/012.map	10919	3901	100.4	15.119048
43	maps/smallMaps/012.map	16401	9065	112.0	24.055556
44	maps/smallMaps/012.map	14196	3176	136.0	19.689655
45	maps/smallMaps/012.map	14787	8624	122.2	21.50495
46	maps/smallMaps/012.map	14922	10109	103.0	23.662651
47	maps/smallMaps/012.map	10967	16489	112.6	12.642105
48	maps/smallMaps/012.map	16684	11716	126.6	34.87619
49	maps/smallMaps/012.map	14896	11563	111.2	26.734043
50	maps/smallMaps/012.map	4347	16526	104.2	10.089888
51	maps/smallMaps/012.map	15893	2728	106.4	8.847826
52	maps/smallMaps/012.map	11289	16243	104.0	6.47561
53	maps/smallMaps/012.map	11858	12241	107.0	11.310345
54	maps/smallMaps/012.map	17875	11276	129.0	32.0
55	maps/smallMaps/012.map	17282	10680	127.6	27.867925
56	maps/smallMaps/012.map	16237	6692	110.2	19.032967
57	maps/smallMaps/012.map	11506	11268	110.4	20.555556
58	maps/smallMaps/012.map	18896	4488	123.6	12.375
59	maps/smallMaps/012.map	4809	12706	119.4	23.8
60	maps/smallMaps/012.map	12164	11470	103.0	23.678161
61	maps/smallMaps/012.map	9936	12985	107.4	8.033708
62	maps/smallMaps/012.map	10402	15074	111.2	12.5
63	maps/smallMaps/012.map	10383	17722	127.2	8.865385
64	maps/smallMaps/012.map	6858	18887	105.6	17.431818
65	maps/smallMaps/012.map	14149	10517	113.4	24.917526
66	maps/smallMaps/012.map	18292	8033	107.2	16.443182
67	maps/smallMaps/012.map	13160	9503	131.8	19.477477
68	maps/smallMaps/012.map	13738	10673	135.8	28.243243
69	maps/smallMaps/012.map	11118	17552	128.8	16.886792
70	maps/smallMaps/012.map	16401	5536	107.0	15.729412
71	maps/smallMaps/012.map	19464	11714	145.2	27.364407
72	maps/smallMaps/012.map	5834	17283	107.6	6.593023
73	maps/smallMaps/012.map	4961	18715	113.0	15.096774
74	maps/smallMaps/012.map	9641	16377	115.8	11.010526
75	maps/smallMaps/012.map	8611	14484	127.4	13.850467
76	maps/smallMaps/012.map	10255	17132	105.6	7.05814
77	maps/smallMaps/012.map	7172	12558	101.8	25.177215
78	maps/smallMaps/012.map	11279	14181	120.4	14.12
79	maps/smallMaps/012.map	14901	9785	115.8	26.639175
80	maps/smallMaps/012.map	9064	18441	113.2	18.93617
81	maps/smallMaps/012.map	9812	14483	107.0	12.314607
82	maps/smallMaps/012.map	4220	17075	104.2	15.091954
83	maps/smallMaps/012.map	14480	10844	110.8	26.033333
84	maps/smallMaps/012.map	14782	10990	120.0	25.408163
85	maps/smallMaps/012.map	9798	16393	112.8	8.212766
86	maps/smallMaps/012.map	18129	7135	107.6	10.455556
87	maps/smallMaps/012.map	7173	19772	109.6	18.913043
88	maps/smallMaps/012.map	18878	13946	105.6	19.170732
89	maps/smallMaps/012.map	4641	18418	110.2	17.677419
90	maps/smallMaps/012.map	19043	8316	125.6	18.603774
91	maps/smallMaps/012.map	16400	3177	122.4	22.47
92	maps/smallMaps/012.map	7724	17286	123.6	8.72549
93	maps/smallMaps/012.map	14909	10079	121.6	26.42
94	maps/smallMaps/012.map	18168	10228	140.0	30.403509
95	maps/smallMaps/012.map	17702	12010	129.0	30.766355
96	maps/smallMaps/012.map	15796	12160	121.6	35.05
97	maps/smallMaps/012.map	15042	9487	114.4	27.354167
98	maps/smallMaps/012.map	17846	7296	103.0	12.26506
99	maps/smallMaps/012.map	7006	18162	101.6	9.487805
100	maps/smallMaps/012.map	18600	11276	126.0	28.980769
101	maps/smallMaps/012.map	13888	14244	107.8	21.098901
102	maps/smallMaps/012.map	5077	19025	124.6	26.039604
103	maps/smallMaps/012.map	7875	19924	126.2	16.330275
104	maps/smallMaps/012.map	6140	13592	105.6	17.940476
105	maps/smallMaps/012.map	18749	6841	121.6	15.08
106	maps/smallMaps/012.map	13600	10822	145.4	26.454545
107	maps/smallMaps/012.map	16926	9937	112.0	14.271739
108	maps/smallMaps/012.map	15790	2725	113.8	21.762887
109	maps/smallMaps/012.map	18596	10829	125.6	25.113208
110	maps/smallMaps/012.map	4660	14780	118.8	14.183673
111	maps/smallMaps/012.map	6145	18436	113.0	21.615385
112	maps/smallMaps/012.map	12115	4495	123.8	13.626263
113	maps/smallMaps/012.map	8539	10519	105.6	12.51087
114	maps/smallMaps/012.map	15081	10989	124.8	24.617647
115	maps/smallMaps/012.map	4936	16250	109.0	8.563218
116	maps/smallMaps/012.map	19485	4812	125.2	26.59434
117	maps/smallMaps/012.map	13306	11567	144.8	28.908333
118	maps/smallMaps/012.map	17100	11129	101.6	21.813953
119	maps/smallMaps/012.map	10098	16840	113.8	7.967742
120	maps/smallMaps/012.map	19469	8194	103.0	11.626506
121	maps/smallMaps/012.map	4513	19924	128.6	16.009009
122	maps/smallMaps/012.map	20356	5096	132.0	21.481818
123	maps/smallMaps/012.map	8013	19465	139.6	23.724138
124	maps/smallMaps/012.map	16984	2872	125.2	22.567308
125	maps/smallMaps/012.map	20360	7428	136.6	14.956522
126	maps/smallMaps/012.map	8310	17285	130.0	8.768519
127	maps/smallMaps/012.map	17424	4509	114.4	27.03125
128	maps/smallMaps/012.map	19325	5402	121.8	26.920792
129	maps/smallMaps/014.map	9203	9292	109.0	22.88172
130	maps/smallMaps/014.map	15664	8923	100.6	10.506173
131	maps/smallMaps/014.map	10633	9051	115.6	9.264706
132	maps/smallMaps/014.map	12705	10089	124.8	13.075472
133	maps/smallMaps/014.map	11853	10918	121.4	15.089109
134	maps/smallMaps/014.map	19191	11408	113.4	14.298851
135	maps/smallMaps/014.map	14045	8021	122.4	6.942308
136	maps/smallMaps/014.map	8830	20349	105.0	17.483146
137	maps/smallMaps/014.map	5520	13160	115.6	12.217391
138	maps/smallMaps/014.map	17421	6558	100.8	11.8375
139	maps/smallMaps/014.map	10812	15780	101.2	9.011905
140	maps/smallMaps/014.map	17130	10968	115.2	13.734043
141	maps/smallMaps/014.map	14472	9055	106.6	6.865169
142	maps/smallMaps/014.map	20201	7886	109.6	8.238636
143	maps/smallMaps/014.map	10970	13014	142.8	20.216667
144	maps/smallMaps/014.map	19621	6263	106.8	6.377778
145	maps/smallMaps/014.map	2732	14036	103.4	2.265823
146	maps/smallMaps/014.map	10529	13588	118.2	16.959596
147	maps/smallMaps/014.map	5528	19614	115.0	18.727273
148	maps/smallMaps/014.map	7582	13598	114.4	8.604167
149	maps/smallMaps/014.map	12904	15215	105.8	9.978022
150	maps/smallMaps/014.map	10824	16092	106.0	8.079545
151	maps/smallMaps/014.map	9345	15075	126.0	15.396226
152	maps/smallMaps/014.map	12749	16541	107.6	7.434783
153	maps/smallMaps/014.map	6301	18301	101.8	8.988764
154	maps/smallMaps/014.map	16524	3322	103.4	8.494382
155	maps/smallMaps/014.map	11108	19033	106.2	2.234568
156	maps/smallMaps/014.map	3178	18745	123.0	8.638095
157	maps/smallMaps/014.map	19319	6150	117.2	23.173469
158	maps/smallMaps/014.map	20501	11706	112.8	14.154762
159	maps/smallMaps/014.map	6846	13001	111.4	20.384615
160	maps/smallMaps/014.map	12556	14252	104.6	15.662921
161	maps/smallMaps/014.map	7055	10965	106.6	10.011236
162	maps/smallMaps/014.map	19315	6004	124.4	23.038462
163	maps/smallMaps/014.map	9586	10225	123.0	12.838095
164	maps/smallMaps/014.map	3317	17397	111.8	15.378947
165	maps/smallMaps/014.map	8908	14927	117.4	10.171717
166	maps/smallMaps/014.map	13045	10617	108.0	13.777778
167	maps/smallMaps/014.map	19915	8024	102.0	2.3875
168	maps/smallMaps/014.map	3772	19460	140.6	30.846154
169	maps/smallMaps/014.map	20350	9794	100.8	2.405405
170	maps/smallMaps/014.map	12856	10529	130.2	16.798165
171	maps/smallMaps/014.map	6999	17130	102.0	9.1375
172	maps/smallMaps/014.map	8464	9737	105.0	18.348315
173	maps/smallMaps/014.map	16392	6845	104.2	8.296296
174	maps/smallMaps/014.map	16349	3470	103.4	12.896552
175	maps/smallMaps/014.map	12688	12001	115.8	20.526316
176	maps/smallMaps/014.map	14625	7876	108.6	5.247191
177	maps/smallMaps/014.map	19460	4937	125.0	8.513761
178	maps/smallMaps/014.map	8906	14918	111.0	13.397849
179	maps/smallMaps/014.map	5534	12717	103.8	14.075949
180	maps/smallMaps/014.map	18413	13166	105.8	12.858824
181	maps/smallMaps/014.map	19768	6119	107.6	6.0
182	maps/smallMaps/014.map	6992	19314	114.6	26.333333
183	maps/smallMaps/014.map	8023	16540	106.2	7.988235
184	maps/smallMaps/014.map	10685	11222	111.0	14.236559
185	maps/smallMaps/014.map	4062	13164	110.4	9.5
186	maps/smallMaps/014.map	8616	10781	105.8	10.483871
187	maps/smallMaps/014.map	16934	2436	119.0	14.178218
188	maps/smallMaps/014.map	9879	9796	103.6	13.068182
189	maps/smallMaps/014.map	20508	5563	126.0	23.320755
190	maps/smallMaps/014.map	8761	15209	106.0	16.181818
191	maps/smallMaps/014.map	11258	18884	103.2	2.141026
192	maps/smallMaps/014.map	19313	5860	130.8	25.881818
193	maps/smallMaps/014.map	10821	13142	119.8	16.316832
194	maps/smallMaps/014.map	10390	16100	102.8	8.860465
195	maps/smallMaps/014.map	13157	8171	120.0	7.186275
196	maps/smallMaps/014.map	4062	17381	107.2	15.977778
197	maps/smallMaps/014.map	12319	13006	114.2	15.663158
198	maps/smallMaps/014.map	4817	20361	124.2	11.695238
199	maps/smallMaps/014.map	10524	17422	110.8	9.2
200	maps/smallMaps/014.map	5814	18295	105.2	8.583333
201	maps/smallMaps/014.map	10678	10920	111.2	14.957447
202	maps/smallMaps/014.map	12704	7001	106.4	8.883721
203	maps/smallMaps/014.map	6550	12258	118.4	30.197917
204	maps/smallMaps/014.map	14336	8620	108.8	7.369565
205	maps/smallMaps/014.map	9370	12864	105.6	11.711111
206	maps/smallMaps/014.map	15948	8173	102.2	9.012048
207	maps/smallMaps/014.map	6269	17569	101.2	7.573171
208	maps/smallMaps/014.map	12902	16251	108.2	6.655914
209	maps/smallMaps/014.map	16099	9352	106.6	8.068966
210	maps/smallMaps/014.map	19322	7021	106.2	20.247059
211	maps/smallMaps/014.map	20353	5524	119.6	6.72
212	maps/smallMaps/014.map	9878	11865	107.8	15.0
213	maps/smallMaps/014.map	4957	20350	127.8	20.17757
214	maps/smallMaps/014.map	15950	10814	121.6	10.865385
215	maps/smallMaps/014.map	12392	9492	101.2	10.534091
216	maps/smallMaps/014.map	6419	13308	102.6	10.765432
217	maps/smallMaps/014.map	12712	8619	115.0	7.474227
218	maps/smallMaps/014.map	16100	8606	115.6	7.606383
219	maps/smallMaps/014.map	4213	13314	112.2	7.689655
220	maps/smallMaps/014.map	4493	17568	109.2	6.159091
221	maps/smallMaps/014.map	10675	13741	126.0	16.801887
222	maps/smallMaps/014.map	13460	8039	110.6	8.430108
223	maps/smallMaps/014.map	15505	10973	109.6	12.315217
224	maps/smallMaps/014.map	5560	20500	127.0	18.194175
225	maps/smallMaps/014.map	11230	16182	119.4	22.330097
226	maps/smallMaps/014.map	12719	9674	100.2	7.670588
227	maps/smallMaps/014.map	13439	8025	102.0	6.872093
228	maps/smallMaps/014.map	6259	18007	104.4	9.095238
229	maps/smallMaps/014.map	5264	18449	104.6	9.146067
230	maps/smallMaps/014.map	17119	5959	102.0	7.2625
231	maps/smallMaps/014.map	18603	3762	117.2	6.43
232	maps/smallMaps/014.map	15884	12418	112.4	15.053191
233	maps/smallMaps/014.map	4947	19631	115.8	9.171717
234	maps/smallMaps/014.map	17079	4505	107.2	12.755556
235	maps/smallMaps/014.map	5827	19336	111.4	12.791209
236	maps/smallMaps/014.map	14606	9635	102.6	10.0
237	maps/smallMaps/014.map	17126	10531	103.0	7.686747
238	maps/smallMaps/014.map	13888	10543	109.0	20.786517
239	maps/smallMaps/014.map	13883	9948	106.0	13.715909
240	maps/smallMaps/014.map	10183	10227	122.0	13.25
241	maps/smallMaps/014.map	16546	6561	101.2	7.076923
242	maps/smallMaps/014.map	18710	5259	109.8	14.318681
243	maps/smallMaps/014.map	5231	18263	103.0	15.707865
244	maps/smallMaps/014.map	19764	5261	120.6	20.252525
245	maps/smallMaps/014.map	11348	10523	101.4	14.058824
246	maps/smallMaps/014.map	7647	20806	103.8	9.786517
247	maps/smallMaps/014.map	13306	9793	127.8	12.651376
248	maps/smallMaps/014.map	14918	2580	104.6	1.0
249	maps/smallMaps/014.map	13460	6699	122.2	8.831683
250	maps/smallMaps/014.map	9354	14177	104.6	13.436782
251	maps/smallMaps/014.map	11210	12307	102.2	14.08046
252	maps/smallMaps/014.map	4819	18565	112.2	10.580645
253	maps/smallMaps/014.map	4967	17419	100.0	6.97619
254	maps/smallMaps/014.map	6988	11073	104.6	14.629213
255	maps/smallMaps/014.map	18747	5103	104.0	6.195652
256	maps/smallMaps/014.map	4507	17428	108.2	7.37931
257	maps/bigMaps/307.map	24162	14537	145.6	11.930769
258	maps/bigMaps/307.map	13569	22759	133.6	11.841667
259	maps/bigMaps/307.map	11312	27705	112.8	10.25
260	maps/bigMaps/307.map	8933	25552	141.4	17.07874
261	maps/bigMaps/307.map	12311	8001	106.4	8.55102
262	maps/bigMaps/307.map	12103	35997	113.4	7.883495
263	maps/bigMaps/307.map	17200	42967	122.6	4.612613
264	maps/bigMaps/307.map	32637	54231	104.2	2.795699
265	maps/bigMaps/307.map	31922	52741	144.4	11.967742
266	maps/bigMaps/307.map	50223	53752	104.0	14.863636
267	maps/bigMaps/307.map	10922	3824	106.4	3.62766
268	maps/bigMaps/307.map	20972	14904	134.2	20.384615
269	maps/bigMaps/307.map	9680	28149	133.2	5.981481
270	maps/bigMaps/307.map	39591	60769	117.4	1.142857
271	maps/bigMaps/307.map	13485	22364	112.4	15.346154
272	maps/bigMaps/307.map	45312	49608	134.4	8.5
273	maps/bigMaps/307.map	27624	6126	138.0	10.017241
274	maps/bigMaps/307.map	48144	56274	125.8	18.174312
275	maps/bigMaps/307.map	24859	19860	114.6	3.142857
276	maps/bigMaps/307.map	53773	47873	125.0	9.566372
277	maps/bigMaps/307.map	15492	21429	110.2	10.178947
278	maps/bigMaps/307.map	21835	7782	135.4	5.831933
279	maps/bigMaps/307.map	25827	43915	137.8	16.556522
280	maps/bigMaps/307.map	49961	51701	133.2	10.189655
281	maps/bigMaps/307.map	11204	27877	103.6	12.125
282	maps/bigMaps/307.map	23755	10513	149.0	18.052632
283	maps/bigMaps/307.map	39015	46566	147.0	9.708661
284	maps/bigMaps/307.map	51593	56810	144.8	9.474576
285	maps/bigMaps/307.map	51572	26473	138.6	2.159292
286	maps/bigMaps/307.map	38786	45393	131.0	8.702703
287	maps/bigMaps/307.map	14032	18356	114.4	8.735294
288	maps/bigMaps/307.map	18736	23270	117.2	1.830189
289	maps/bigMaps/307.map	9638	15798	115.6	4.423077
290	maps/bigMaps/307.map	52066	53550	117.8	8.873684
291	maps/bigMaps/307.map	28327	19174	143.0	2.740157
292	maps/bigMaps/307.map	32383	53968	132.8	15.107143
293	maps/bigMaps/307.map	29394	51353	147.8	9.829457
294	maps/bigMaps/307.map	27222	44610	145.8	15.677686
295	maps/bigMaps/307.map	23291	35762	109.2	17.708333
296	maps/bigMaps/307.map	22603	8140	145.6	12.134328
297	maps/bigMaps/307.map	48138	56109	108.8	5.255556
298	maps/bigMaps/307.map	58437	34715	125.2	1.245098
299	maps/bigMaps/307.map	36925	29089	115.4	13.333333
300	maps/bigMaps/307.map	23283	12119	121.0	18.392523
301	maps/bigMaps/307.map	54465	33554	102.4	1.822222
302	maps/bigMaps/307.map	35062	46531	125.4	8.841584
303	maps/bigMaps/307.map	43373	46759	114.8	7.32
304	maps/bigMaps/307.map	26061	10244	110.2	11.31068
305	maps/bigMaps/307.map	54898	33802	122.6	9.228571
306	maps/bigMaps/307.map	27457	42281	135.6	16.22807
307	maps/bigMaps/307.map	31949	52771	119.2	7.09
308	maps/bigMaps/307.map	28681	54936	130.2	3.584071
309	maps/bigMaps/307.map	27684	12016	135.2	1.194444
310	maps/bigMaps/307.map	16966	38102	109.8	9.783505
311	maps/bigMaps/307.map	5664	27623	141.2	9.762712
312	maps/bigMaps/307.map	15956	28632	112.0	9.43617
313	maps/bigMaps/307.map	11166	43654	149.6	9.514286
314	maps/bigMaps/307.map	29390	47890	123.2	10.910714
315	maps/bigMaps/307.map	57906	46303	101.8	8.941176
316	maps/bigMaps/307.map	43433	44244	129.0	5.713043
317	maps/bigMaps/307.map	26555	15031	103.2	2.0
318	maps/bigMaps/307.map	48341	25102	135.4	14.619048
319	maps/bigMaps/307.map	26934	5443	144.4	7.311475
320	maps/bigMaps/307.map	52375	53891	141.0	10.636364
321	maps/bigMaps/307.map	12771	11025	114.0	3.518182
322	maps/bigMaps/307.map	32151	52525	127.0	6.495238
323	maps/bigMaps/307.map	42417	46522	109.0	5.030928
324	maps/bigMaps/307.map	49977	56754	136.2	17.313043
325	maps/bigMaps/307.map	23070	37390	129.2	17.201754
326	maps/bigMaps/307.map	46483	25323	120.6	10.6
327	maps/bigMaps/307.map	26518	11074	132.8	14.181818
328	maps/bigMaps/307.map	31221	52152	110.4	2.022222
329	maps/bigMaps/307.map	56578	33776	126.2	10.009901
330	maps/bigMaps/307.map	45547	21140	126.2	5.92381
331	maps/bigMaps/307.map	16722	41583	127.8	4.345133
332	maps/bigMaps/307.map	35602	18712	112.4	4.947917
333	maps/bigMaps/307.map	40116	35639	139.2	8.125
334	maps/bigMaps/307.map	9787	27922	123.2	13.727273
335	maps/bigMaps/307.map	9293	22127	132.2	16.42735
336	maps/bigMaps/307.map	53191	28560	137.8	2.633028
337	maps/bigMaps/307.map	52770	51465	112.8	6.734043
338	maps/bigMaps/307.map	34836	54349	110.0	13.130952
339	maps/bigMaps/307.map	13171	25831	122.0	1.09
340	maps/bigMaps/307.map	9761	37861	134.6	7.396694
341	maps/bigMaps/307.map	39726	46314	112.8	8.28125
342	maps/bigMaps/307.map	22825	16657	106.8	1.854167
343	maps/bigMaps/307.map	34267	54478	109.0	2.10989
344	maps/bigMaps/307.map	21695	16725	131.6	14.75
345	maps/bigMaps/307.map	23272	10693	106.0	7.354167
346	maps/bigMaps/307.map	60773	42599	111.0	4.098765
347	maps/bigMaps/307.map	17816	23520	106.8	2.333333
348	maps/bigMaps/307.map	32043	53219	116.6	1.0
349	maps/bigMaps/307.map	50915	41981	148.0	11.968254
350	maps/bigMaps/307.map	24196	10970	117.4	17.407767
351	maps/bigMaps/307.map	32116	33664	116.2	11.227723
352	maps/bigMaps/307.map	36807	39724	149.6	11.773438
353	maps/bigMaps/307.map	46960	29152	128.6	9.617391
354	maps/bigMaps/307.map	52519	51918	122.4	10.923077
355	maps/bigMaps/307.map	26776	8604	139.0	13.348837
356	maps/bigMaps/307.map	34721	46366	101.2	12.363636
357	maps/bigMaps/307.map	21604	8213	100.2	6.611765
358	maps/bigMaps/307.map	48822	46384	129.6	8.105263
359	maps/bigMaps/307.map	8599	26758	123.0	13.198198
360	maps/bigMaps/307.map	12709	28612	132.6	1.085714
361	maps/bigMaps/307.map	58442	30314	146.6	10.008264
362	maps/bigMaps/307.map	52608	30777	106.4	7.042553
363	maps/bigMaps/307.map	21896	11207	146.0	18.398438
364	maps/bigMaps/307.map	22365	7680	140.4	11.3
365	maps/bigMaps/307.map	17894	20781	136.8	10.444444
366	maps/bigMaps/307.map	52305	27857	140.8	5.707547
367	maps/bigMaps/307.map	39944	28865	137.2	12.358333
368	maps/bigMaps/307.map	29076	13153	118.0	12.06383
369	maps/bigMaps/307.map	37156	47447	102.2	7.807229
370	maps/bigMaps/307.map	13396	23275	114.2	1.020619
371	maps/bigMaps/307.map	31220	54442	128.2	12.897196
372	maps/bigMaps/307.map	20975	37640	143.2	20.855932
373	maps/bigMaps/307.map	29368	54465	124.4	1.37963
374	maps/bigMaps/307.map	32148	56285	140.4	13.008621
375	maps/bigMaps/307.map	48601	30543	106.2	8.096774
376	maps/bigMaps/307.map	9759	34828	115.6	5.027778
377	maps/bigMaps/307.map	13034	26763	107.8	13.453608
378	maps/bigMaps/307.map	53081	28913	121.6	7.490385
379	maps/bigMaps/307.map	9791	27469	135.0	16.768595
380	maps/bigMaps/307.map	15473	27910	112.6	1.032967
381	maps/bigMaps/307.map	26979	11285	128.2	15.954955
382	maps/bigMaps/307.map	13267	22358	112.2	18.424242
383	maps/bigMaps/307.map	49598	41118	149.6	6.851562
384	maps/bigMaps/307.map	35300	21002	143.0	7.92
385	maps/bigMaps/603.map	14977	30470	111.2	10.104651
386	maps/bigMaps/603.map	16838	15308	145.4	19.834646
387	maps/bigMaps/603.map	24202	22140	145.8	11.615385
388	maps/bigMaps/603.map	21413	7859	128.4	13.194444
389	maps/bigMaps/603.map	52771	33018	117.2	6.647727
390	maps/bigMaps/603.map	42559	20598	137.4	6.559633
391	maps/bigMaps/603.map	23317	17077	126.4	9.673077
392	maps/bigMaps/603.map	15199	21897	106.8	11.7
393	maps/bigMaps/603.map	58164	32911	136.2	11.158879
394	maps/bigMaps/603.map	13818	4058	100.4	4.690476
395	maps/bigMaps/603.map	5955	21890	149.8	4.650407
396	maps/bigMaps/603.map	28008	9557	107.4	7.976471
397	maps/bigMaps/603.map	38813	48770	101.6	9.74359
398	maps/bigMaps/603.map	42132	13324	147.6	8.811475
399	maps/bigMaps/603.map	8142	15080	120.8	8.846939
400	maps/bigMaps/603.map	18942	17396	126.0	23.490741
401	maps/bigMaps/603.map	27302	15249	123.2	11.635417
402	maps/bigMaps/603.map	17061	39301	140.8	20.474138
403	maps/bigMaps/603.map	10671	25387	110.6	2.08046
404	maps/bigMaps/603.map	20717	18478	135.4	8.504348
405	maps/bigMaps/603.map	5967	16439	110.4	5.0625
406	maps/bigMaps/603.map	33856	11890	103.4	6.44086
407	maps/bigMaps/603.map	28240	23458	103.4	13.56962
408	maps/bigMaps/603.map	25639	5006	136.6	1.069307
409	maps/bigMaps/603.map	30359	23214	104.4	10.178571
410	maps/bigMaps/603.map	27487	49461	112.2	8.494624
411	maps/bigMaps/603.map	25708	51591	142.6	6.300885
412	maps/bigMaps/603.map	29376	3837	128.4	4.157407
413	maps/bigMaps/603.map	39060	15902	144.2	6.650407
414	maps/bigMaps/603.map	17377	4540	118.4	14.112245
415	maps/bigMaps/603.map	31554	9323	122.4	9.957447
416	maps/bigMaps/603.map	21304	40959	129.4	10.715596
417	maps/bigMaps/603.map	29529	9073	117.4	1.62069
418	maps/bigMaps/603.map	38573	49483	109.2	9.05814
419	maps/bigMaps/603.map	29238	48532	107.6	4.686047
420	maps/bigMaps/603.map	50329	26471	143.0	13.573913
421	maps/bigMaps/603.map	35604	56760	126.0	4.542553
422	maps/bigMaps/603.map	18470	45449	148.0	7.127119
423	maps/bigMaps/603.map	13330	35507	113.6	13.276596
424	maps/bigMaps/603.map	4067	25765	121.2	15.425532
425	maps/bigMaps/603.map	37622	15191	108.0	3.90625
426	maps/bigMaps/603.map	14239	27540	109.0	12.517647
427	maps/bigMaps/603.map	22975	20722	137.4	16.018018
428	maps/bigMaps/603.map	9990	24697	105.0	12.415584
429	maps/bigMaps/603.map	8141	30703	133.6	1.0
430	maps/bigMaps/603.map	30471	7902	130.8	1.010417
431	maps/bigMaps/603.map	35663	57625	144.4	10.448276
432	maps/bigMaps/603.map	35190	17090	116.6	3.810526
433	maps/bigMaps/603.map	40468	16858	118.4	7.72
434	maps/bigMaps/603.map	40704	14000	129.0	1.982301
435	maps/bigMaps/603.map	51546	34245	121.4	8.712871
436	maps/bigMaps/603.map	14294	34326	125.4	14.669903
437	maps/bigMaps/603.map	28233	9564	102.6	9.21519
438	maps/bigMaps/603.map	14775	29909	132.8	16.086538
439	maps/bigMaps/603.map	31259	12867	101.8	6.582278
440	maps/bigMaps/603.map	38269	55991	112.2	6.344086
441	maps/bigMaps/603.map	36084	57715	128.6	4.40404
442	maps/bigMaps/603.map	31885	46290	146.2	11.025641
443	maps/bigMaps/603.map	17885	13771	112.8	4.04902
444	maps/bigMaps/603.map	20226	27755	139.2	14.3
445	maps/bigMaps/603.map	18272	43076	128.0	11.330189
446	maps/bigMaps/603.map	18943	25641	103.6	12.766667
447	maps/bigMaps/603.map	26534	18813	133.4	15.514286
448	maps/bigMaps/603.map	10921	34094	124.0	5.281818
449	maps/bigMaps/603.map	20460	5740	129.4	14.831858
450	maps/bigMaps/603.map	12146	31889	121.8	10.903226
451	maps/bigMaps/603.map	21595	6418	100.4	7.671053
452	maps/bigMaps/603.map	47508	26943	123.8	12.673267
453	maps/bigMaps/603.map	25405	9977	115.6	1.181818
454	maps/bigMaps/603.map	57393	34950	146.2	17.57265
455	maps/bigMaps/603.map	9309	30124	106.8	3.704545
456	maps/bigMaps/603.map	23726	33068	141.2	10.964912
457	maps/bigMaps/603.map	24168	6418	102.2	12.632184
458	maps/bigMaps/603.map	30552	54642	124.4	7.598039
459	maps/bigMaps/603.map	4545	18571	130.4	8.709091
460	maps/bigMaps/603.map	25233	47128	116.0	7.875
461	maps/bigMaps/603.map	42784	58319	106.6	8.292135
462	maps/bigMaps/603.map	10482	34714	133.4	7.009709
463	maps/bigMaps/603.map	31734	22545	104.2	9.927711
464	maps/bigMaps/603.map	15439	16738	134.6	9.865546
465	maps/bigMaps/603.map	14006	15318	147.6	13.825758
466	maps/bigMaps/603.map	58780	44879	121.4	11.780952
467	maps/bigMaps/603.map	22785	4066	109.6	4.6125
468	maps/bigMaps/603.map	16856	22368	104.4	9.869048
469	maps/bigMaps/603.map	18753	40009	141.2	21.186441
470	maps/bigMaps/603.map	57006	37491	114.6	8.471264
471	maps/bigMaps/603.map	32588	55058	130.4	7.556604
472	maps/bigMaps/603.map	55055	37567	100.2	14.771084
473	maps/bigMaps/603.map	25816	19766	137.0	15.216216
474	maps/bigMaps/603.map	29175	21302	113.8	7.515789
475	maps/bigMaps/603.map	36611	18033	119.6	4.1
476	maps/bigMaps/603.map	30228	13099	128.2	1.0
477	maps/bigMaps/603.map	19207	43304	117.6	7.019608
478	maps/bigMaps/603.map	38114	22259	128.4	5.896226
479	maps/bigMaps/603.map	23491	21411	121.8	16.556701
480	maps/bigMaps/603.map	18374	20137	145.8	9.04
481	maps/bigMaps/603.map	14962	31553	100.2	4.30137
482	maps/bigMaps/603.map	43544	12356	148.0	2.909091
483	maps/bigMaps/603.map	28349	19944	110.2	9.230769
484	maps/bigMaps/603.map	17134	5483	106.6	4.149425
485	maps/bigMaps/603.map	13309	18124	105.4	8.747368
486	maps/bigMaps/603.map	8611	28243	110.0	14.193182
487	maps/bigMaps/603.map	27284	14775	103.0	12.123457
488	maps/bigMaps/603.map	31309	9326	121.4	9.666667
489	maps/bigMaps/603.map	20174	20471	102.6	12.012048
490	maps/bigMaps/603.map	31885	51063	117.2	10.166667
491	maps/bigMaps/603.map	22382	9514	145.6	3.91129
492	maps/bigMaps/603.map	36609	55989	123.8	7.148515
493	maps/bigMaps/603.map	29373	13347	101.8	7.607595
494	maps/bigMaps/603.map	31882	12631	136.8	2.150943
495	maps/bigMaps/603.map	18832	22782	128.6	14.831776
496	maps/bigMaps/603.map	42519	59019	121.8	10.398058
497	maps/bigMaps/603.map	42518	33068	136.0	11.175926
498	maps/bigMaps/603.map	9326	34092	128.2	18.761905
499	maps/bigMaps/603.map	14253	36141	120.8	12.638298
500	maps/bigMaps/603.map	20249	12131	107.6	1.095745
501	maps/bigMaps/603.map	42125	19470	140.4	10.458333
502	maps/bigMaps/603.map	24397	39949	142.0	17.305085
503	maps/bigMaps/603.map	17550	32257	105.2	8.916667
504	maps/bigMaps/603.map	30313	32593	123.6	8.754902
505	maps/bigMaps/603.map	13085	38033	144.4	17.938596
506	maps/bigMaps/603.map	14725	36848	122.6	11.865979
507	maps/bigMaps/603.map	7895	30616	126.8	11.548077
508	maps/bigMaps/603.map	10671	32442	130.6	6.196581
509	maps/bigMaps/603.map	32203	11449	110.4	7.079545
510	maps/bigMaps/603.map	23923	21176	124.6	20.727273
511	maps/bigMaps/603.map	11896	41425	149.4	18.263566
512	maps/bigMaps/603.map	32673	13335	102.8	6.743902
513	maps/bigMaps/701.map	40285	27507	127.4	12.390476
514	maps/bigMaps/701.map	32476	17046	120.6	9.386139
515	maps/bigMaps/701.map	17785	31953	124.4	10.06
516	maps/bigMaps/701.map	16060	16158	132.0	8.886792
517	maps/bigMaps/701.map	26057	41736	102.2	9.730337
518	maps/bigMaps/701.map	23584	41307	101.6	9.931818
519	maps/bigMaps/701.map	41697	44461	128.4	10.866071
520	maps/bigMaps/701.map	10429	18872	116.0	20.659091
521	maps/bigMaps/701.map	42772	20676	149.2	11.95614
522	maps/bigMaps/701.map	12799	7801	111.6	4.303922
523	maps/bigMaps/701.map	12461	36571	135.4	6.10084
524	maps/bigMaps/701.map	38052	17905	126.2	6.52381
525	maps/bigMaps/701.map	41637	14307	148.4	7.544776
526	maps/bigMaps/701.map	11353	25424	100.2	18.708861
527	maps/bigMaps/701.map	42610	40873	119.4	9.4
528	maps/bigMaps/701.map	19132	16370	133.6	9.772727
529	maps/bigMaps/701.map	32502	13281	130.4	6.519608
530	maps/bigMaps/701.map	15144	38590	122.2	5.069565
531	maps/bigMaps/701.map	15613	18601	107.8	14.21978
532	maps/bigMaps/701.map	35790	17090	121.0	6.578947
533	maps/bigMaps/701.map	27509	10130	100.6	1.517647
534	maps/bigMaps/701.map	42047	13913	149.2	7.76087
535	maps/bigMaps/701.map	6445	26257	121.8	14.841584
536	maps/bigMaps/701.map	40142	40660	103.2	7.202128
537	maps/bigMaps/701.map	12189	35035	123.2	11.043103
538	maps/bigMaps/701.map	20333	42547	134.8	17.043103
539	maps/bigMaps/701.map	32987	10081	146.4	17.209677
540	maps/bigMaps/701.map	42164	26210	103.6	6.141026
541	maps/bigMaps/701.map	14391	8367	137.2	14.267241
542	maps/bigMaps/701.map	9364	26252	104.2	13.94382
543	maps/bigMaps/701.map	12211	29047	132.2	10.80198
544	maps/bigMaps/701.map	40356	27382	148.8	7.745902
545	maps/bigMaps/701.map	19117	38910	120.0	6.9375
546	maps/bigMaps/701.map	27224	5955	146.6	25.274336
547	maps/bigMaps/701.map	39624	17385	114.0	4.072727
548	maps/bigMaps/701.map	30963	7739	130.8	4.403509
549	maps/bigMaps/701.map	36267	16578	148.2	8.247788
550	maps/bigMaps/701.map	20272	10119	110.6	15.670103
551	maps/bigMaps/701.map	8634	23787	120.4	14.342593
552	maps/bigMaps/701.map	22101	19130	102.6	11.791209
553	maps/bigMaps/701.map	33386	12380	128.4	16.038462
554	maps/bigMaps/701.map	31165	7332	133.4	4.017094
555	maps/bigMaps/701.map	35047	13835	111.2	5.576923
556	maps/bigMaps/701.map	15655	26160	123.8	1.262136
557	maps/bigMaps/701.map	21520	41804	137.2	2.923077
558	maps/bigMaps/701.map	31087	13227	135.0	5.571429
559	maps/bigMaps/701.map	34135	16582	102.4	8.244186
560	maps/bigMaps/701.map	31864	27286	139.8	14.300813
561	maps/bigMaps/701.map	13709	40666	148.8	12.746377
562	maps/bigMaps/701.map	8665	25633	107.8	11.915789
563	maps/bigMaps/701.map	12955	36257	135.6	3.236842
564	maps/bigMaps/701.map	26650	25735	113.4	15.545455
565	maps/bigMaps/701.map	28843	12579	131.6	30.669811
566	maps/bigMaps/701.map	26016	45277	129.8	1.793814
567	maps/bigMaps/701.map	29905	11355	113.2	17.554348
568	maps/bigMaps/701.map	32296	10881	136.0	20.222222
569	maps/bigMaps/701.map	3528	27022	143.6	17.172414
570	maps/bigMaps/701.map	6884	25391	140.2	8.715447
571	maps/bigMaps/701.map	28391	17894	131.8	1.630631
572	maps/bigMaps/701.map	41483	33379	126.0	27.660377
573	maps/bigMaps/701.map	38113	17432	133.6	3.923077
574	maps/bigMaps/701.map	26480	37988	143.4	2.22314
575	maps/bigMaps/701.map	30356	16214	117.8	15.783505
576	maps/bigMaps/701.map	39005	39953	144.8	6.219697
577	maps/bigMaps/701.map	13115	32133	123.0	11.292929
578	maps/bigMaps/701.map	25735	24029	144.0	8.807692
579	maps/bigMaps/701.map	32335	11087	138.6	28.45045
580	maps/bigMaps/701.map	30636	13364	128.6	13.728972
581	maps/bigMaps/701.map	24725	28322	143.6	9.192308
582	maps/bigMaps/701.map	33092	28318	146.2	10.503876
583	maps/bigMaps/701.map	15413	35992	119.8	12.910891
584	maps/bigMaps/701.map	18314	42010	132.6	8.350427
585	maps/bigMaps/701.map	28031	10290	103.0	14.419355
586	maps/bigMaps/701.map	43429	30497	110.6	12.802469
587	maps/bigMaps/701.map	28447	5982	135.8	22.423423
588	maps/bigMaps/701.map	44992	21502	130.8	6.327586
589	maps/bigMaps/701.map	25261	11733	123.4	20.654206
590	maps/bigMaps/701.map	22689	43671	116.6	3.291262
591	maps/bigMaps/701.map	30483	8774	143.0	2.990991
592	maps/bigMaps/701.map	22546	41269	126.2	24.07767
593	maps/bigMaps/701.map	4812	26838	127.4	13.468468
594	maps/bigMaps/701.map	8871	7741	111.6	15.191489
595	maps/bigMaps/701.map	30321	11558	119.6	18.666667
596	maps/bigMaps/701.map	25544	39739	147.2	5.4
597	maps/bigMaps/701.map	23338	44376	117.2	7.634615
598	maps/bigMaps/701.map	39749	32301	130.4	17.326923
599	maps/bigMaps/701.map	13218	34025	108.0	6.872549
600	maps/bigMaps/701.map	12753	28808	119.8	11.950495
601	maps/bigMaps/701.map	17594	41443	127.4	4.739496
602	maps/bigMaps/701.map	5754	17427	101.4	15.146067
603	maps/bigMaps/701.map	30935	11802	121.6	4.042553
604	maps/bigMaps/701.map	39193	36019	116.0	17.45
605	maps/bigMaps/701.map	31988	31685	123.6	10.554545
606	maps/bigMaps/701.map	18807	40257	122.8	9.330357
607	maps/bigMaps/701.map	45175	29944	117.0	11.969697
608	maps/bigMaps/701.map	26544	42124	126.2	12.847619
609	maps/bigMaps/701.map	36679	12614	125.6	4.728814
610	maps/bigMaps/701.map	42215	24640	103.8	8.689655
611	maps/bigMaps/701.map	16478	5139	142.8	5.221311
612	maps/bigMaps/701.map	10932	25223	112.2	22.168317
613	maps/bigMaps/701.map	11245	37380	138.8	7.304688
614	maps/bigMaps/701.map	41546	16838	148.2	13.446281
615	maps/bigMaps/701.map	31171	25151	127.6	10.5625
616	maps/bigMaps/701.map	19485	42725	134.2	19.700855
617	maps/bigMaps/701.map	8776	10711	115.4	10.919192
618	maps/bigMaps/701.map	39931	13828	134.0	5.289062
619	maps/bigMaps/701.map	8378	19077	129.8	20.154639
620	maps/bigMaps/701.map	13773	32912	112.0	3.255319
621	maps/bigMaps/701.map	39064	19236	116.8	3.55102
622	maps/bigMaps/701.map	5055	12005	119.8	9.821782
623	maps/bigMaps/701.map	40050	13911	143.4	5.62406
624	maps/bigMaps/701.map	32685	41556	133.8	10.252101
625	maps/bigMaps/701.map	20031	20529	109.4	9.892473
626	maps/bigMaps/701.map	22568	19629	100.0	13.522222
627	maps/bigMaps/701.map	29624	18508	130.2	1.810811
628	maps/bigMaps/701.map	33714	12102	135.8	19.408
629	maps/bigMaps/701.map	12711	23578	106.8	8.127907
630	maps/bigMaps/701.map	16973	20132	115.4	9.191919
631	maps/bigMaps/701.map	25979	28114	106.8	8.0
632	maps/bigMaps/701.map	38600	25421	110.6	7.402299
633	maps/bigMaps/701.map	17887	40082	129.4	12.412844
634	maps/bigMaps/701.map	17298	34537	140.4	11.018182
635	maps/bigMaps/701.map	20096	33614	100.8	12.090909
636	maps/bigMaps/701.map	39338	37781	145.4	10.147287
637	maps/bigMaps/701.map	45193	24313	146.8	17.357143
638	maps/bigMaps/701.map	27915	17191	137.6	1.646552
639	maps/bigMaps/701.map	28254	9707	113.8	19.747573
640	maps/bigMaps/701.map	27913	25574	108.6	12.082474
641	maps/wc3maps/darkforest.map	6366	22116	110.8	7.112245
642	maps/wc3maps/darkforest.map	22835	8782	117.2	6.144231
643	maps/wc3maps/darkforest.map	3413	8503	118.6	9.757282
644	maps/wc3maps/darkforest.map	17253	22332	103.6	5.0
645	maps/wc3maps/darkforest.map	18212	18786	100.2	5.417582
646	maps/wc3maps/darkforest.map	11608	12369	124.2	7.17094
647	maps/wc3maps/darkforest.map	4051	22153	141.8	12.486957
648	maps/wc3maps/darkforest.map	21201	8073	129.6	14.807692
649	maps/wc3maps/darkforest.map	22086	13821	131.6	16.407407
650	maps/wc3maps/darkforest.map	12532	5511	115.2	2.020408
651	maps/wc3maps/darkforest.map	22152	7595	121.0	13.072165
652	maps/wc3maps/darkforest.map	6500	19732	103.8	12.952941
653	maps/wc3maps/darkforest.map	18276	5823	100.6	1.734177
654	maps/wc3maps/darkforest.map	17527	21458	107.0	10.863158
655	maps/wc3maps/darkforest.map	3623	17086	115.0	9.157895
656	maps/wc3maps/darkforest.map	14468	19350	125.4	12.880734
657	maps/wc3maps/darkforest.map	5410	20001	126.2	17.010101
658	maps/wc3maps/darkforest.map	19351	12210	127.2	12.95283
659	maps/wc3maps/darkforest.map	21334	4862	122.0	3.45098
660	maps/wc3maps/darkforest.map	7840	22819	115.6	19.384615
661	maps/wc3maps/darkforest.map	19838	9114	104.2	11.951807
662	maps/wc3maps/darkforest.map	3244	18897	114.6	12.515464
663	maps/wc3maps/darkforest.map	7371	22507	123.4	24.579439
664	maps/wc3maps/darkforest.map	20420	6850	129.6	4.491379
665	maps/wc3maps/darkforest.map	18929	2924	129.6	2.745283
666	maps/wc3maps/darkforest.map	2999	11784	101.4	8.216867
667	maps/wc3maps/darkforest.map	12148	21218	108.0	20.477273
668	maps/wc3maps/darkforest.map	21852	8243	128.8	11.205882
669	maps/wc3maps/darkforest.map	21119	19278	100.6	8.923077
670	maps/wc3maps/darkforest.map	11797	22668	113.8	10.370787
671	maps/wc3maps/darkforest.map	7059	22319	112.0	11.583333
672	maps/wc3maps/darkforest.map	20492	4042	134.0	23.561404
673	maps/wc3maps/darkforest.map	4253	17846	126.0	18.666667
674	maps/wc3maps/darkforest.map	3882	17619	110.0	2.163043
675	maps/wc3maps/darkforest.map	22469	7802	106.2	13.428571
676	maps/wc3maps/darkforest.map	8193	8897	112.6	11.09901
677	maps/wc3maps/darkforest.map	18536	4474	141.8	1.224299
678	maps/wc3maps/darkforest.map	6353	22346	130.6	17.061947
679	maps/wc3maps/darkforest.map	5364	20868	118.6	12.393939
680	maps/wc3maps/darkforest.map	3794	20200	118.6	16.23301
681	maps/wc3maps/darkforest.map	8455	21539	112.4	22.581633
682	maps/wc3maps/darkforest.map	9153	19880	106.0	18.5
683	maps/wc3maps/darkforest.map	13164	4732	101.4	7.074074
684	maps/wc3maps/darkforest.map	19263	7755	115.6	13.106383
685	maps/wc3maps/darkforest.map	5599	15988	111.2	16.093023
686	maps/wc3maps/darkforest.map	22514	17105	111.6	14.46875
687	maps/wc3maps/darkforest.map	22115	4569	121.4	13.201835
688	maps/wc3maps/darkforest.map	3249	21120	127.0	12.225225
689	maps/wc3maps/darkforest.map	4927	16460	102.8	5.375
690	maps/wc3maps/darkforest.map	11630	18968	111.0	1.72043
691	maps/wc3maps/darkforest.map	6572	15828	112.4	16.468085
692	maps/wc3maps/darkforest.map	22471	8268	105.2	13.056818
693	maps/wc3maps/darkforest.map	22660	5378	133.0	4.369369
694	maps/wc3maps/darkforest.map	4474	17805	105.8	20.419355
695	maps/wc3maps/darkforest.map	4920	19861	111.6	5.98
696	maps/wc3maps/darkforest.map	22117	3094	132.0	10.559322
697	maps/wc3maps/darkforest.map	15670	4948	102.2	5.987654
698	maps/wc3maps/darkforest.map	2806	19697	125.2	6.991071
699	maps/wc3maps/darkforest.map	8514	8248	118.2	13.219048
700	maps/wc3maps/darkforest.map	19227	5437	111.4	9.296703
701	maps/wc3maps/darkforest.map	13015	3894	127.4	2.009524
702	maps/wc3maps/darkforest.map	21690	13061	122.6	18.930693
703	maps/wc3maps/darkforest.map	7216	22426	133.2	9.127451
704	maps/wc3maps/darkforest.map	14029	23320	147.0	8.176471
705	maps/wc3maps/darkforest.map	6394	21053	124.4	32.5
706	maps/wc3maps/darkforest.map	12913	22969	107.0	7.188235
707	maps/wc3maps/darkforest.map	21135	4535	124.6	15.019048
708	maps/wc3maps/darkforest.map	7596	20949	103.4	15.517647
709	maps/wc3maps/darkforest.map	8269	22659	124.0	9.35
710	maps/wc3maps/darkforest.map	21794	6226	120.4	12.264706
711	maps/wc3maps/darkforest.map	9423	21289	100.2	14.936709
712	maps/wc3maps/darkforest.map	16617	16076	107.0	4.475728
713	maps/wc3maps/darkforest.map	19059	5247	107.4	21.956044
714	maps/wc3maps/darkforest.map	4464	9522	110.4	11.385417
715	maps/wc3maps/darkforest.map	8747	19911	101.2	13.034884
716	maps/wc3maps/darkforest.map	10764	16142	114.2	5.544554
717	maps/wc3maps/darkforest.map	8873	21349	118.4	8.706522
718	maps/wc3maps/darkforest.map	16378	19508	101.2	7.1
719	maps/wc3maps/darkforest.map	8746	17684	118.8	19.924528
720	maps/wc3maps/darkforest.map	11212	3562	101.8	1.86747
721	maps/wc3maps/darkforest.map	11411	9064	101.8	4.741935
722	maps/wc3maps/darkforest.map	6134	19093	126.4	12.166667
723	maps/wc3maps/darkforest.map	20964	9428	102.0	13.536585
724	maps/wc3maps/darkforest.map	8235	11071	105.8	1.636364
725	maps/wc3maps/darkforest.map	20854	5416	111.6	6.784314
726	maps/wc3maps/darkforest.map	9841	21676	116.8	7.844444
727	maps/wc3maps/darkforest.map	7293	14462	110.0	16.543478
728	maps/wc3maps/darkforest.map	21661	7053	110.6	8.703297
729	maps/wc3maps/darkforest.map	7101	15086	135.8	28.156522
730	maps/wc3maps/darkforest.map	7372	22188	126.0	25.081818
731	maps/wc3maps/darkforest.map	13665	18538	138.4	14.188525
732	maps/wc3maps/darkforest.map	15268	20815	104.4	8.079545
733	maps/wc3maps/darkforest.map	14355	17691	132.8	3.551724
734	maps/wc3maps/darkforest.map	5911	21852	118.4	25.339623
735	maps/wc3maps/darkforest.map	21972	7600	108.0	11.358696
736	maps/wc3maps/darkforest.map	4459	18899	116.8	10.21875
737	maps/wc3maps/darkforest.map	8348	10661	117.2	15.663462
738	maps/wc3maps/darkforest.map	21287	9263	100.8	11.3625
739	maps/wc3maps/darkforest.map	6972	17185	107.0	14.735632
740	maps/wc3maps/darkforest.map	8243	17820	107.6	11.261364
741	maps/wc3maps/darkforest.map	19079	4292	109.8	8.391753
742	maps/wc3maps/darkforest.map	6510	21006	100.4	9.788889
743	maps/wc3maps/darkforest.map	21140	4371	129.2	20.027778
744	maps/wc3maps/darkforest.map	13874	14450	107.6	11.968085
745	maps/wc3maps/darkforest.map	19249	8716	101.6	12.923077
746	maps/wc3maps/darkforest.map	6397	21654	118.6	17.485149
747	maps/wc3maps/darkforest.map	17093	9480	136.2	17.128205
748	maps/wc3maps/darkforest.map	6065	22652	113.4	10.68932
749	maps/wc3maps/darkforest.map	13870	4791	120.8	1.918367
750	maps/wc3maps/darkforest.map	20409	8098	118.6	9.556701
751	maps/wc3maps/darkforest.map	8772	22591	100.8	13.174419
752	maps/wc3maps/darkforest.map	13227	20089	120.0	3.03
753	maps/wc3maps/darkforest.map	8627	19993	102.4	8.1875
754	maps/wc3maps/darkforest.map	22352	9756	106.8	6.5
755	maps/wc3maps/darkforest.map	5815	9458	120.2	18.742857
756	maps/wc3maps/darkforest.map	2828	17921	123.4	22.642202
757	maps/wc3maps/darkforest.map	12365	20813	110.6	3.229885
758	maps/wc3maps/darkforest.map	19995	13164	109.8	8.322581
759	maps/wc3maps/darkforest.map	19837	23156	108.6	4.676768
760	maps/wc3maps/darkforest.map	7531	22912	131.8	12.621359
761	maps/wc3maps/darkforest.map	21459	5201	114.2	8.821782
762	maps/wc3maps/darkforest.map	2934	16070	145.0	17.878049
763	maps/wc3maps/darkforest.map	17890	15096	113.6	8.625
764	maps/wc3maps/darkforest.map	7152	22109	108.8	14.06383
765	maps/wc3maps/darkforest.map	8162	13225	105.0	2.022472
766	maps/wc3maps/darkforest.map	18467	4856	135.2	20.190909
767	maps/wc3maps/darkforest.map	21462	7105	116.6	20.652632
768	maps/wc3maps/darkforest.map	10433	3734	118.2	13.757576
769	maps/wc3maps/divideandconquer.map	18277	31090	146.6	16.190083
770	maps/wc3maps/divideandconquer.map	15566	12977	100.2	26.395062
771	maps/wc3maps/divideandconquer.map	9498	25977	128.0	7.962264
772	maps/wc3maps/divideandconquer.map	16322	28966	121.0	11.273684
773	maps/wc3maps/divideandconquer.map	7620	33643	147.8	3.074074
774	maps/wc3maps/divideandconquer.map	13329	33263	128.0	6.425926
775	maps/wc3maps/divideandconquer.map	14161	31500	105.6	17.617021
776	maps/wc3maps/divideandconquer.map	4229	27164	135.0	3.504202
777	maps/wc3maps/divideandconquer.map	15856	7682	144.6	10.704
778	maps/wc3maps/divideandconquer.map	17159	20538	102.2	1.810526
779	maps/wc3maps/divideandconquer.map	15340	33055	125.0	42.825688
780	maps/wc3maps/divideandconquer.map	16550	33116	101.2	15.383721
781	maps/wc3maps/divideandconquer.map	2522	14385	117.4	9.568421
782	maps/wc3maps/divideandconquer.map	14622	31149	116.2	12.382022
783	maps/wc3maps/divideandconquer.map	9581	27542	111.6	21.84
784	maps/wc3maps/divideandconquer.map	26215	24923	147.6	12.022388
785	maps/wc3maps/divideandconquer.map	28387	5285	143.2	5.8
786	maps/wc3maps/divideandconquer.map	16583	19174	117.4	7.846847
787	maps/wc3maps/divideandconquer.map	28877	11607	139.4	17.72973
788	maps/wc3maps/divideandconquer.map	27564	29558	136.6	8.689922
789	maps/wc3maps/divideandconquer.map	17111	32648	133.8	13.838095
790	maps/wc3maps/divideandconquer.map	27575	19188	117.4	10.10101
791	maps/wc3maps/divideandconquer.map	27005	14567	112.8	1.795455
792	maps/wc3maps/divideandconquer.map	4106	21152	113.4	2.505618
793	maps/wc3maps/divideandconquer.map	30776	33953	100.4	16.1875
794	maps/wc3maps/divideandconquer.map	26235	6484	139.2	22.454545
795	maps/wc3maps/divideandconquer.map	31160	19476	113.4	1.033708
796	maps/wc3maps/divideandconquer.map	13213	20251	109.4	26.516129
797	maps/wc3maps/divideandconquer.map	31876	13026	123.6	1.459184
798	maps/wc3maps/divideandconquer.map	14205	6769	122.4	12.942308
799	maps/wc3maps/divideandconquer.map	34057	13955	128.8	35.157407
800	maps/wc3maps/divideandconquer.map	29010	10273	111.4	17.381443
801	maps/wc3maps/divideandconquer.map	14327	17918	132.4	6.085938
802	maps/wc3maps/divideandconquer.map	31905	11243	118.6	16.813084
803	maps/wc3maps/divideandconquer.map	32633	29640	108.6	1.92233
804	maps/wc3maps/divideandconquer.map	10507	31597	130.2	7.715596
805	maps/wc3maps/divideandconquer.map	3990	15102	107.6	10.767442
806	maps/wc3maps/divideandconquer.map	19506	22124	115.0	8.981651
807	maps/wc3maps/divideandconquer.map	22877	7006	106.2	18.901099
808	maps/wc3maps/divideandconquer.map	21766	17993	116.4	11.092593
809	maps/wc3maps/divideandconquer.map	31729	11683	115.2	3.346154
810	maps/wc3maps/divideandconquer.map	4870	11365	140.4	5.25
811	maps/wc3maps/divideandconquer.map	24985	6677	110.2	8.90099
812	maps/wc3maps/divideandconquer.map	18653	30515	131.2	13.851852
813	maps/wc3maps/divideandconquer.map	13994	34970	143.0	35.304
814	maps/wc3maps/divideandconquer.map	26671	6876	138.4	13.603774
815	maps/wc3maps/divideandconquer.map	19565	9815	117.0	17.505051
816	maps/wc3maps/divideandconquer.map	33512	16361	100.2	1.157303
817	maps/wc3maps/divideandconquer.map	30403	7988	126.8	3.939655
818	maps/wc3maps/divideandconquer.map	29788	13374	103.6	23.476744
819	maps/wc3maps/divideandconquer.map	13659	17194	143.6	12.863636
820	maps/wc3maps/divideandconquer.map	19934	7281	114.4	11.8
821	maps/wc3maps/divideandconquer.map	7825	27707	106.6	2.330097
822	maps/wc3maps/divideandconquer.map	14230	29784	121.0	15.631579
823	maps/wc3maps/divideandconquer.map	17699	25305	130.0	4.04386
824	maps/wc3maps/divideandconquer.map	13157	10181	123.2	7.544643
825	maps/wc3maps/divideandconquer.map	33117	14194	102.4	5.020408
826	maps/wc3maps/divideandconquer.map	30729	9093	122.2	10.964602
827	maps/wc3maps/divideandconquer.map	9040	27163	101.6	3.404255
828	maps/wc3maps/divideandconquer.map	15656	24424	101.0	1.518072
829	maps/wc3maps/divideandconquer.map	5077	19439	111.4	6.457831
830	maps/wc3maps/divideandconquer.map	5456	15027	135.8	4.382609
831	maps/wc3maps/divideandconquer.map	28118	8063	110.8	1.423077
832	maps/wc3maps/divideandconquer.map	30740	11814	108.4	10.489796
833	maps/wc3maps/divideandconquer.map	6788	27272	124.8	24.575
834	maps/wc3maps/divideandconquer.map	31338	23529	120.4	2.903846
835	maps/wc3maps/divideandconquer.map	19789	3137	108.8	7.5
836	maps/wc3maps/divideandconquer.map	25119	10732	122.6	17.795699
837	maps/wc3maps/divideandconquer.map	10915	29589	118.4	2.87
838	maps/wc3maps/divideandconquer.map	14173	32541	108.2	3.6
839	maps/wc3maps/divideandconquer.map	27888	7931	142.6	14.888889
840	maps/wc3maps/divideandconquer.map	29070	10588	121.4	29.061856
841	maps/wc3maps/divideandconquer.map	24093	34413	124.8	13.807692
842	maps/wc3maps/divideandconquer.map	16735	12966	121.6	22.982456
843	maps/wc3maps/divideandconquer.map	31488	9710	125.4	5.59292
844	maps/wc3maps/divideandconquer.map	22349	16250	129.0	6.521368
845	maps/wc3maps/divideandconquer.map	22069	24301	115.8	6.761468
846	maps/wc3maps/divideandconquer.map	31191	22803	106.2	2.05618
847	maps/wc3maps/divideandconquer.map	8757	27081	103.8	10.443299
848	maps/wc3maps/divideandconquer.map	34338	30174	127.0	1.752066
849	maps/wc3maps/divideandconquer.map	20104	9203	124.8	15.372549
850	maps/wc3maps/divideandconquer.map	4005	5824	122.2	7.099099
851	maps/wc3maps/divideandconquer.map	19058	29394	109.4	13.348315
852	maps/wc3maps/divideandconquer.map	32897	15345	102.0	17.617021
853	maps/wc3maps/divideandconquer.map	15013	12962	140.8	26.286885
854	maps/wc3maps/divideandconquer.map	26889	7821	116.4	14.823529
855	maps/wc3maps/divideandconquer.map	5262	12129	141.8	33.906977
856	maps/wc3maps/divideandconquer.map	32582	11318	133.2	27.357143
857	maps/wc3maps/divideandconquer.map	34760	31750	108.4	3.078431
858	maps/wc3maps/divideandconquer.map	16186	21669	125.6	4.122807
859	maps/wc3maps/divideandconquer.map	12366	28047	108.8	21.244186
860	maps/wc3maps/divideandconquer.map	26845	23296	129.4	13.983193
861	maps/wc3maps/divideandconquer.map	3299	19616	145.8	9.940171
862	maps/wc3maps/divideandconquer.map	21056	15744	103.2	4.184783
863	maps/wc3maps/divideandconquer.map	6304	15298	100.6	14.164706
864	maps/wc3maps/divideandconquer.map	9501	18632	101.6	16.195122
865	maps/wc3maps/divideandconquer.map	21156	29180	103.2	20.045455
866	maps/wc3maps/divideandconquer.map	8183	11552	106.8	25.87
867	maps/wc3maps/divideandconquer.map	5711	29112	145.0	4.363636
868	maps/wc3maps/divideandconquer.map	18866	33418	147.6	10.677966
869	maps/wc3maps/divideandconquer.map	26757	5502	139.6	7.5
870	maps/wc3maps/divideandconquer.map	18101	12583	136.2	26.877863
871	maps/wc3maps/divideandconquer.map	32411	13870	110.0	8.229167
872	maps/wc3maps/divideandconquer.map	31189	9690	147.4	20.008264
873	maps/wc3maps/divideandconquer.map	17335	18193	109.8	4.439252
874	maps/wc3maps/divideandconquer.map	29618	7496	146.6	2.512605
875	maps/wc3maps/divideandconquer.map	14252	17630	103.2	3.885417
876	maps/wc3maps/divideandconquer.map	32517	20093	104.2	11.012048
877	maps/wc3maps/divideandconquer.map	17636	32829	107.6	25.928571
878	maps/wc3maps/divideandconquer.map	24820	3998	133.4	30.316239
879	maps/wc3maps/divideandconquer.map	10735	30835	129.0	25.018692
880	maps/wc3maps/divideandconquer.map	29623	9423	131.0	2.009524
881	maps/wc3maps/divideandconquer.map	12319	7415	109.4	3.80198
882	maps/wc3maps/divideandconquer.map	14489	6310	138.8	1.875
883	maps/wc3maps/divideandconquer.map	10847	31722	125.6	20.663636
884	maps/wc3maps/divideandconquer.map	28083	9723	109.8	18.789474
885	maps/wc3maps/divideandconquer.map	16283	32925	103.6	2.05814
886	maps/wc3maps/divideandconquer.map	20006	22801	106.0	6.19
887	maps/wc3maps/divideandconquer.map	34988	21165	109.0	11.8
888	maps/wc3maps/divideandconquer.map	31679	7955	129.8	7.089431
889	maps/wc3maps/divideandconquer.map	30042	7273	132.8	19.449153
890	maps/wc3maps/divideandconquer.map	24154	2574	126.4	4.464286
891	maps/wc3maps/divideandconquer.map	16041	6703	139.4	9.453782
892	maps/wc3maps/divideandconquer.map	26275	26390	125.4	13.721739
893	maps/wc3maps/divideandconquer.map	10119	30183	111.2	8.375
894	maps/wc3maps/divideandconquer.map	14315	30597	115.2	10.284091
895	maps/wc3maps/divideandconquer.map	28525	8557	147.8	15.290598
896	maps/wc3maps/divideandconquer.map	30836	24563	110.6	12.195876
897	maps/wc3maps/thecrucible.map	21291	6573	138.2	14.761905
898	maps/wc3maps/thecrucible.map	17754	4443	104.6	9.903614
899	maps/wc3maps/thecrucible.map	19529	6712	107.6	7.809524
900	maps/wc3maps/thecrucible.map	20373	9479	110.4	31.054348
901	maps/wc3maps/thecrucible.map	20082	4155	111.4	9.772277
902	maps/wc3maps/thecrucible.map	12592	21379	118.2	15.905263
903	maps/wc3maps/thecrucible.map	12100	4465	112.2	2.215054
904	maps/wc3maps/thecrucible.map	5992	14926	101.6	1.525
905	maps/wc3maps/thecrucible.map	20900	5352	146.0	14.220339
906	maps/wc3maps/thecrucible.map	9704	3668	104.4	24.069767
907	maps/wc3maps/thecrucible.map	15425	11957	103.6	18.733333
908	maps/wc3maps/thecrucible.map	3007	22116	140.8	2.491803
909	maps/wc3maps/thecrucible.map	10751	21955	100.6	9.220779
910	maps/wc3maps/thecrucible.map	21028	3438	137.2	36.45614
911	maps/wc3maps/thecrucible.map	3417	18898	122.8	11.638889
912	maps/wc3maps/thecrucible.map	14517	5095	108.6	8.788235
913	maps/wc3maps/thecrucible.map	4783	22269	134.2	2.541284
914	maps/wc3maps/thecrucible.map	19106	12735	110.4	9.489362
915	maps/wc3maps/thecrucible.map	20017	3027	143.2	26.785714
916	maps/wc3maps/thecrucible.map	13329	18229	104.2	10.32967
917	maps/wc3maps/thecrucible.map	4595	22111	125.4	7.610619
918	maps/wc3maps/thecrucible.map	7484	22155	103.8	9.901099
919	maps/wc3maps/thecrucible.map	21121	4428	127.6	10.574074
920	maps/wc3maps/thecrucible.map	6666	21067	125.6	17.813725
921	maps/wc3maps/thecrucible.map	14873	6742	105.4	17.137931
922	maps/wc3maps/thecrucible.map	22521	11324	128.8	8.367925
923	maps/wc3maps/thecrucible.map	18905	5252	100.0	17.55814
924	maps/wc3maps/thecrucible.map	23401	7456	110.0	8.69
925	maps/wc3maps/thecrucible.map	4581	20046	104.4	7.385417
926	maps/wc3maps/thecrucible.map	17756	10755	101.4	1.445783
927	maps/wc3maps/thecrucible.map	3793	18141	107.6	5.173469
928	maps/wc3maps/thecrucible.map	14839	10281	125.8	7.711712
929	maps/wc3maps/thecrucible.map	5591	18416	102.6	6.444444
930	maps/wc3maps/thecrucible.map	6502	20742	126.6	19.640777
931	maps/wc3maps/thecrucible.map	7478	22270	100.8	11.043478
932	maps/wc3maps/thecrucible.map	23585	4711	136.2	15.907563
933	maps/wc3maps/thecrucible.map	21017	4412	114.2	9.097087
934	maps/wc3maps/thecrucible.map	11301	13970	102.6	8.602151
935	maps/wc3maps/thecrucible.map	19414	5443	107.6	8.545455
936	maps/wc3maps/thecrucible.map	14469	9688	127.8	9.678261
937	maps/wc3maps/thecrucible.map	21299	3110	122.6	12.327434
938	maps/wc3maps/thecrucible.map	8555	19573	102.6	5.873418
939	maps/wc3maps/thecrucible.map	16402	17258	116.2	5.558559
940	maps/wc3maps/thecrucible.map	7913	20555	117.6	7.045455
941	maps/wc3maps/thecrucible.map	4967	5831	113.8	9.864078
942	maps/wc3maps/thecrucible.map	4939	15654	101.2	6.065789
943	maps/wc3maps/thecrucible.map	16282	8319	107.0	1.241379
944	maps/wc3maps/thecrucible.map	17752	6562	114.0	13.488889
945	maps/wc3maps/thecrucible.map	18909	8508	100.0	18.679487
946	maps/wc3maps/thecrucible.map	21191	6239	104.4	9.744681
947	maps/wc3maps/thecrucible.map	22797	5096	119.8	9.333333
948	maps/wc3maps/thecrucible.map	10993	19775	109.6	1.727273
949	maps/wc3maps/thecrucible.map	5356	15905	115.4	10.860215
950	maps/wc3maps/thecrucible.map	18972	6803	132.2	12.285714
951	maps/wc3maps/thecrucible.map	16403	10975	131.0	5.512821
952	maps/wc3maps/thecrucible.map	21522	7150	110.6	14.821053
953	maps/wc3maps/thecrucible.map	19283	4737	112.4	3.322222
954	maps/wc3maps/thecrucible.map	6189	18972	111.0	13.770115
955	maps/wc3maps/thecrucible.map	2981	19609	141.4	10.561983
956	maps/wc3maps/thecrucible.map	16392	6819	100.6	5.493671
957	maps/wc3maps/thecrucible.map	5434	23248	135.0	13.743363
958	maps/wc3maps/thecrucible.map	12610	5615	109.2	15.076087
959	maps/wc3maps/thecrucible.map	5409	22933	121.0	13.576577
960	maps/wc3maps/thecrucible.map	6741	19417	108.8	19.159091
961	maps/wc3maps/thecrucible.map	3466	13870	134.6	22.738318
962	maps/wc3maps/thecrucible.map	16869	8883	116.6	3.876289
963	maps/wc3maps/thecrucible.map	20184	6214	101.8	2.264368
964	maps/wc3maps/thecrucible.map	5246	21676	109.2	9.617647
965	maps/wc3maps/thecrucible.map	21393	11136	142.2	6.982609
966	maps/wc3maps/thecrucible.map	8395	5772	121.6	4.850877
967	maps/wc3maps/thecrucible.map	8341	20168	119.8	4.549451
968	maps/wc3maps/thecrucible.map	23288	4649	135.6	10.016667
969	maps/wc3maps/thecrucible.map	7990	22587	113.2	6.576087
970	maps/wc3maps/thecrucible.map	20835	3161	124.4	3.536364
971	maps/wc3maps/thecrucible.map	16865	5049	102.2	5.402597
972	maps/wc3maps/thecrucible.map	6026	18484	106.6	13.590361
973	maps/wc3maps/thecrucible.map	13886	4639	119.2	17.887755
974	maps/wc3maps/thecrucible.map	5366	20697	111.8	8.010526
975	maps/wc3maps/thecrucible.map	6138	21781	116.6	7.666667
976	maps/wc3maps/thecrucible.map	4968	10817	123.4	1.284404
977	maps/wc3maps/thecrucible.map	17605	4785	105.2	4.487805
978	maps/wc3maps/thecrucible.map	20668	4144	126.6	2.728155
979	maps/wc3maps/thecrucible.map	18164	8266	109.6	11.613636
980	maps/wc3maps/thecrucible.map	6544	21063	108.6	17.063158
981	maps/wc3maps/thecrucible.map	20817	7824	100.2	2.333333
982	maps/wc3maps/thecrucible.map	3112	18225	106.0	4.84375
983	maps/wc3maps/thecrucible.map	18006	22904	137.6	28.991935
984	maps/wc3maps/thecrucible.map	20820	4904	108.2	3.131313
985	maps/wc3maps/thecrucible.map	20359	6405	108.8	7.647727
986	maps/wc3maps/thecrucible.map	11952	22811	108.0	15.418605
987	maps/wc3maps/thecrucible.map	7916	14132	113.2	4.142857
988	maps/wc3maps/thecrucible.map	7588	4805	128.2	9.692308
989	maps/wc3maps/thecrucible.map	9678	19417	104.2	3.17284
990	maps/wc3maps/thecrucible.map	4256	17023	100.4	10.425
991	maps/wc3maps/thecrucible.map	12915	13662	114.2	11.446602
992	maps/wc3maps/thecrucible.map	13474	21766	108.6	21.730337
993	maps/wc3maps/thecrucible.map	17938	4619	100.6	2.26506
994	maps/wc3maps/thecrucible.map	6251	21030	110.4	11.693878
995	maps/wc3maps/thecrucible.map	18790	4735	106.2	2.264368
996	maps/wc3maps/thecrucible.map	3008	16286	127.2	7.6
997	maps/wc3maps/thecrucible.map	6021	17845	114.2	21.910112
998	maps/wc3maps/thecrucible.map	10824	12540	118.4	18.398148
999	maps/wc3maps/thecrucible.map	4228	20534	121.4	1.475248
1000	maps/wc3maps/thecrucible.map	2819	19126	138.6	13.487179
1001	maps/wc3maps/thecrucible.map	7306	12701	103.2	25.290698
1002	maps/wc3maps/thecrucible.map	22913	10743	103.0	4.337662
1003	maps/wc3maps/thecrucible.map	7933	5779	108.8	8.36
1004	maps/wc3maps/thecrucible.map	4307	20062	109.8	13.50495
1005	maps/wc3maps/thecrucible.map	8159	21944	114.0	8.815217
1006	maps/wc3maps/thecrucible.map	4947	15959	124.6	1.020619
1007	maps/wc3maps/thecrucible.map	19102	4895	103.6	2.375
1008	maps/wc3maps/thecrucible.map	9387	15588	100.8	2.127907
1009	maps/wc3maps/thecrucible.map	14996	19270	101.6	16.409091
1010	maps/wc3maps/thecrucible.map	14281	8870	114.4	14.019608
1011	maps/wc3maps/thecrucible.map	13824	5853	104.2	8.505882
1012	maps/wc3maps/thecrucible.map	10814	18157	116.0	1.959184
1013	maps/wc3maps/thecrucible.map	9837	18961	130.4	1.953704
1014	maps/wc3maps/thecrucible.map	19303	14218	118.2	6.46729
1015	maps/wc3maps/thecrucible.map	16391	17570	115.2	5.154545
1016	maps/wc3maps/thecrucible.map	19036	16888	117.6	9.546296
1017	maps/wc3maps/thecrucible.map	5896	21029	101.6	9.297872
1018	maps/wc3maps/thecrucible.map	20997	4956	124.2	8.653465
1019	maps/wc3maps/thecrucible.map	13540	8830	138.0	12.57377
1020	maps/wc3maps/thecrucible.map	7357	19692	104.8	5.585366
1021	maps/wc3maps/thecrucible.map	8077	16070	126.8	19.824074
1022	maps/wc3maps/thecrucible.map	22588	6320	107.8	7.683168
1023	maps/wc3maps/thecrucible.map	17571	11715	115.8	5.257426
1024	maps/wc3maps/thecrucible.map	14859	12541	109.2	13.887755
