1000
1	maps/sourceMaps/css/cs_compound.map	9788723	8169407	1554.0	115.8217609162491
2	maps/sourceMaps/css/cs_compound.map	7151088	11535596	2736.4	64.70896491987874
3	maps/sourceMaps/css/cs_compound.map	5302437	15021228	2779.8	79.21524852569503
4	maps/sourceMaps/css/cs_compound.map	18523704	12038725	2033.6	64.92173389524383
5	maps/sourceMaps/css/cs_compound.map	8163113	10988575	1054.0	1.0
6	maps/sourceMaps/css/cs_compound.map	3434401	8966195	2442.4	2.906463478717814
7	maps/sourceMaps/css/cs_compound.map	8003616	2614375	1761.2	26.79984951091046
8	maps/sourceMaps/css/cs_compound.map	7774805	7395609	1958.0	155.0201961915753
9	maps/sourceMaps/css/cs_compound.map	6595314	10193271	2052.2	30.0748502994012
10	maps/sourceMaps/css/cs_compound.map	15354100	20702818	1569.2	17.3389441469013
11	maps/sourceMaps/css/cs_compound.map	3330986	7506938	2535.6	14.229215594175669
12	maps/sourceMaps/css/cs_compound.map	13467804	7812619	2088.6	167.2625458996328
13	maps/sourceMaps/css/cs_compound.map	6386954	6617734	1518.4	94.21921708185053
14	maps/sourceMaps/css/cs_compound.map	18634306	13027862	1843.2	168.14930325149302
15	maps/sourceMaps/css/cs_compound.map	14134141	9054792	1363.6	32.14101531023368
16	maps/sourceMaps/css/cs_compound.map	21239102	17398258	1579.2	1.1286307053941909
17	maps/sourceMaps/css/cs_compound.map	7490210	15866488	2062.6	8.689149560117302
18	maps/sourceMaps/css/cs_compound.map	9605154	17139958	2995.6	1.1216275984077841
19	maps/sourceMaps/css/cs_compound.map	8752903	7935440	2440.2	169.3800847457627
20	maps/sourceMaps/css/cs_compound.map	5068649	10615816	1827.2	1.0
21	maps/sourceMaps/css/cs_compound.map	16319865	10795585	1914.2	116.68970189701896
22	maps/sourceMaps/css/cs_compound.map	6043897	6958435	1355.6	177.20858369098713
23	maps/sourceMaps/css/cs_compound.map	16532074	6840806	2483.6	151.5804816223067
24	maps/sourceMaps/css/cs_compound.map	6736441	3850588	2550.6	51.361674008810574
25	maps/sourceMaps/css/cs_compound.map	8982597	5043582	1721.8	1.0
26	maps/sourceMaps/css/cs_compound.map	7133700	3412263	2632.2	65.63700440528635
27	maps/sourceMaps/css/cs_compound.map	15838254	18400185	2417.2	1.954356846473029
28	maps/sourceMaps/css/cs_compound.map	12612476	8346491	2463.8	12.8125
29	maps/sourceMaps/css/cs_compound.map	9721859	8208267	2076.0	4.891135303265941
30	maps/sourceMaps/css/cs_compound.map	5269389	5910969	1554.8	1.0
31	maps/sourceMaps/css/cs_compound.map	18499587	9588162	2764.4	10.651814423518603
32	maps/sourceMaps/css/cs_compound.map	8733965	15787834	1944.8	84.2971561230412
33	maps/sourceMaps/css/cs_compound.map	11752207	20718539	2285.0	78.59360730593608
34	maps/sourceMaps/css/cs_compound.map	9171802	12576093	1121.2	143.4427807486631
35	maps/sourceMaps/css/cs_compound.map	668607	9804110	2799.2	144.76333482743163
36	maps/sourceMaps/css/cs_compound.map	5781108	4432481	1174.6	10.439655172413794
37	maps/sourceMaps/css/cs_compound.map	11244165	10364924	1746.2	122.6316129032258
38	maps/sourceMaps/css/cs_compound.map	10461775	10971620	2387.6	132.99775684163302
39	maps/sourceMaps/css/cs_compound.map	6731204	8928862	2417.2	113.59645937358148
40	maps/sourceMaps/css/cs_compound.map	19456062	9589517	2696.6	4.122406639004149
41	maps/sourceMaps/css/cs_compound.map	13132011	14595745	1604.8	49.144224196855774
42	maps/sourceMaps/css/cs_compound.map	3974207	8454867	1239.6	1.0
43	maps/sourceMaps/css/cs_compound.map	20480992	10885156	2847.6	141.03133903133903
44	maps/sourceMaps/css/cs_compound.map	12218617	2651080	2633.8	9.089209855564995
45	maps/sourceMaps/css/cs_compound.map	8592366	5346758	1892.8	3.4806594800253645
46	maps/sourceMaps/css/cs_compound.map	15992835	11884549	1003.8	1.0
47	maps/sourceMaps/css/cs_compound.map	9831146	6789507	1986.2	13.158579881656804
48	maps/sourceMaps/css/cs_compound.map	7252764	16378059	2465.2	22.979362943023776
49	maps/sourceMaps/css/cs_compound.map	14767009	12302659	1682.8	1.0
50	maps/sourceMaps/css/cs_compound.map	5286132	10156995	1476.6	9.36638655462185
51	maps/sourceMaps/css/cs_compound.map	5776503	8923026	1119.0	61.154126213592235
52	maps/sourceMaps/css/cs_compound.map	10232211	14731327	2240.2	82.20761802575107
53	maps/sourceMaps/css/cs_compound.map	8047854	14490045	1899.8	1.0298602287166454
54	maps/sourceMaps/css/cs_compound.map	18039564	17938552	1409.2	15.010799136069114
55	maps/sourceMaps/css/cs_compound.map	5162896	12483444	2185.4	1.0
56	maps/sourceMaps/css/cs_compound.map	2299280	7112259	1247.4	70.23809523809524
57	maps/sourceMaps/css/cs_compound.map	8832186	8740326	2357.2	4.008088548318433
58	maps/sourceMaps/css/cs_compound.map	18433693	13542848	1559.2	195.7673640167364
59	maps/sourceMaps/css/cs_compound.map	18102585	12583654	2159.0	45.919235511713936
60	maps/sourceMaps/css/cs_compound.map	15507794	5965420	2866.8	11.278850278850278
61	maps/sourceMaps/css/cs_compound.map	5924391	3707312	1359.4	1.0
62	maps/sourceMaps/css/cs_compound.map	7976641	14699525	2180.8	9.594643944004869
63	maps/sourceMaps/css/cs_compound.map	8750763	1819358	2082.0	7.3939751919669225
64	maps/sourceMaps/css/cs_compound.map	9733249	14000533	1341.2	3.1706615532118887
65	maps/sourceMaps/css/cs_compound.map	14690117	13865266	1681.8	158.93894601542416
66	maps/sourceMaps/css/cs_compound.map	12204290	13472264	1910.0	1.0
67	maps/sourceMaps/css/cs_compound.map	6063378	12789809	1962.4	68.04260499087036
68	maps/sourceMaps/css/cs_compound.map	13631928	11008655	2519.4	48.73984098939929
69	maps/sourceMaps/css/cs_compound.map	9163869	13296085	1268.2	11.654455445544555
70	maps/sourceMaps/css/cs_compound.map	21443472	13157558	2140.6	19.62005928853755
71	maps/sourceMaps/css/cs_compound.map	13575787	8517561	1368.6	4.822815533980583
72	maps/sourceMaps/css/cs_compound.map	7473928	16475519	2764.8	23.345156889495225
73	maps/sourceMaps/css/cs_compound.map	12493858	2819507	2568.0	183.04189589504867
74	maps/sourceMaps/css/cs_compound.map	18588259	11817677	1695.4	8.737605804111245
75	maps/sourceMaps/css/cs_compound.map	15710016	10220675	1620.4	1.2982848620432512
76	maps/sourceMaps/css/cs_compound.map	21239331	17572278	1491.0	1.0
77	maps/sourceMaps/css/cs_compound.map	10041826	13971709	2661.0	31.212467076382794
78	maps/sourceMaps/css/cs_compound.map	17527125	11985928	1629.4	5.139586410635155
79	maps/sourceMaps/css/cs_compound.map	9678124	17361176	2293.6	1.0
80	maps/sourceMaps/css/cs_compound.map	10859172	15848096	1230.8	21.439704675963906
81	maps/sourceMaps/css/cs_compound.map	9010097	17754374	2408.2	1.0168539325842696
82	maps/sourceMaps/css/cs_compound.map	2528905	13666462	2933.8	197.91213235294117
83	maps/sourceMaps/css/cs_compound.map	7203597	11839470	1451.6	4.16946160635481
84	maps/sourceMaps/css/cs_compound.map	12223767	19760027	1992.0	52.247148288973385
85	maps/sourceMaps/css/cs_compound.map	9832500	13533997	1648.6	1.0279503105590062
86	maps/sourceMaps/css/cs_compound.map	11745935	15775226	1566.6	1.0383304940374787
87	maps/sourceMaps/css/cs_compound.map	5457625	7708534	2424.6	4.402085222121487
88	maps/sourceMaps/css/cs_compound.map	3724878	10290574	1691.8	170.70760598503742
89	maps/sourceMaps/css/cs_compound.map	21640162	14209155	2159.2	17.42258953168044
90	maps/sourceMaps/css/cs_compound.map	9553720	3069282	1771.8	144.0056818181818
91	maps/sourceMaps/css/cs_compound.map	11768463	9816604	2211.8	65.50559511698881
92	maps/sourceMaps/css/cs_compound.map	8930461	13223462	1217.8	39.14672897196262
93	maps/sourceMaps/css/cs_compound.map	3860528	14858958	2953.0	21.345495160089353
94	maps/sourceMaps/css/cs_compound.map	13031282	6449625	1853.0	17.15547263681592
95	maps/sourceMaps/css/cs_compound.map	8414173	12649436	1034.4	1.0
96	maps/sourceMaps/css/cs_compound.map	6252028	10784869	2018.4	189.81649731022117
97	maps/sourceMaps/css/cs_compound.map	14690801	19395359	2299.8	104.78046218487395
98	maps/sourceMaps/css/cs_compound.map	6608490	17234008	2792.4	82.26242774566474
99	maps/sourceMaps/css/cs_compound.map	10819054	15228962	2051.8	87.82505910165484
100	maps/sourceMaps/css/cs_compound.map	17364725	7883231	2698.6	53.323840520748575
101	maps/sourceMaps/css/cs_compound.map	8057207	8874051	2137.2	195.78460654796095
102	maps/sourceMaps/css/cs_compound.map	8786463	16265765	2013.8	94.59297520661157
103	maps/sourceMaps/css/cs_compound.map	19339152	10623813	2507.6	2.5443870361672145
104	maps/sourceMaps/css/cs_compound.map	12075063	18501939	1686.6	159.8687898089172
105	maps/sourceMaps/css/cs_compound.map	10628131	13862492	1795.0	1.0
106	maps/sourceMaps/css/cs_compound.map	11673966	5325694	1781.0	2.5012626262626263
107	maps/sourceMaps/css/cs_compound.map	12044242	4765661	1782.2	5.887514060742407
108	maps/sourceMaps/css/cs_compound.map	717983	7594858	1802.6	1.0
109	maps/sourceMaps/css/cs_compound.map	8023560	8718203	1745.0	3.6549463647199048
110	maps/sourceMaps/css/cs_compound.map	7286097	8926123	2630.4	10.18008903278025
111	maps/sourceMaps/css/cs_compound.map	14026277	6101611	2372.6	21.608471074380166
112	maps/sourceMaps/css/cs_compound.map	14886091	13922742	1220.8	153.9615736505032
113	maps/sourceMaps/css/cs_compound.map	2160180	7924237	1860.8	3.395315826827537
114	maps/sourceMaps/css/cs_compound.map	2836072	7780983	1622.6	3.6059602649006623
115	maps/sourceMaps/css/cs_compound.map	12834419	8555943	2262.0	5.895392953929539
116	maps/sourceMaps/css/cs_compound.map	8354707	13917017	1406.8	97.52759381898454
117	maps/sourceMaps/css/cs_compound.map	10635920	6970754	1196.6	1.0
118	maps/sourceMaps/css/cs_compound.map	15052882	19042519	1062.4	47.27076923076923
119	maps/sourceMaps/css/cs_compound.map	12329237	11082801	2966.0	65.43409490333919
120	maps/sourceMaps/css/cs_compound.map	13714057	12167909	2291.2	1.0
121	maps/sourceMaps/css/cs_compound.map	8353999	4462601	1030.0	38.35015772870663
122	maps/sourceMaps/css/cs_compound.map	16689000	10576859	1855.6	1.000669792364367
123	maps/sourceMaps/css/cs_compound.map	8860429	14132898	1657.8	3.6661490683229814
124	maps/sourceMaps/css/cs_compound.map	17819665	19423731	1722.8	60.987874920229736
125	maps/sourceMaps/css/cs_compound.map	4179336	10557254	1736.2	173.9415917843389
126	maps/sourceMaps/css/cs_compound.map	16704509	12472993	1193.6	40.917545541706616
127	maps/sourceMaps/css/cs_compound.map	8742846	16743199	2299.0	21.3935516888434
128	maps/sourceMaps/css/cs_compound.map	18097257	12472988	1573.4	119.86754002911208
129	maps/sourceMaps/css/cs_compound.map	16914850	15467821	1282.2	43.18826619964974
130	maps/sourceMaps/css/cs_compound.map	12671505	7486817	1605.2	1.0
131	maps/sourceMaps/css/cs_compound.map	10313890	3256797	1849.0	2.0968677494199537
132	maps/sourceMaps/css/cs_compound.map	11019725	20939589	2720.4	47.59801898472968
133	maps/sourceMaps/css/cs_compound.map	8151778	6646009	1948.8	192.80602200347423
134	maps/sourceMaps/css/cs_compound.map	17457550	9945640	1974.0	107.48555858310627
135	maps/sourceMaps/css/cs_compound.map	17992196	12914847	2927.0	2.233582709891937
136	maps/sourceMaps/css/cs_compound.map	9555004	14497756	1655.0	1.3352649006622517
137	maps/sourceMaps/css/cs_compound.map	11589170	4744760	1816.6	86.04306220095694
138	maps/sourceMaps/css/cs_compound.map	13664800	12610135	2206.2	1.0
139	maps/sourceMaps/css/cs_compound.map	14797399	14697825	1391.8	170.92410015649452
140	maps/sourceMaps/css/cs_compound.map	12785927	19588907	1851.4	43.67328519855596
141	maps/sourceMaps/css/cs_compound.map	11545674	7634181	1029.8	1.0
142	maps/sourceMaps/css/cs_compound.map	16294461	7066048	2403.8	181.0732031943212
143	maps/sourceMaps/css/cs_compound.map	14224233	9642771	2581.2	2.9414519906323187
144	maps/sourceMaps/css/cs_compound.map	13047732	9424494	2076.0	1.0058038305281485
145	maps/sourceMaps/css/cs_compound.map	16672169	10073145	1758.2	40.849875930521094
146	maps/sourceMaps/css/cs_compound.map	16630642	18945889	1233.0	8.731150793650794
147	maps/sourceMaps/css/cs_compound.map	10379972	11692676	2450.4	54.281444582814444
148	maps/sourceMaps/css/cs_compound.map	11244190	13699751	2401.6	10.657411553963279
149	maps/sourceMaps/css/cs_compound.map	8152793	9546504	1207.0	64.6473880597015
150	maps/sourceMaps/css/cs_compound.map	14205850	10719561	1105.6	198.39954597048808
151	maps/sourceMaps/css/cs_compound.map	16865662	11690088	2836.8	23.631284916201118
152	maps/sourceMaps/css/cs_compound.map	12558819	2528712	2847.8	1.9208163265306122
153	maps/sourceMaps/css/cs_compound.map	2385504	10439848	2609.2	6.500762582613117
154	maps/sourceMaps/css/cs_compound.map	8722454	8289866	1630.4	1.6104468219005663
155	maps/sourceMaps/css/cs_compound.map	7578774	8473990	2376.8	94.22062035823504
156	maps/sourceMaps/css/cs_compound.map	19173706	21185743	1252.4	106.6003956478734
157	maps/sourceMaps/css/cs_compound.map	7604678	15362712	1978.0	1.3113456464379947
158	maps/sourceMaps/css/cs_compound.map	9454884	6986462	1707.2	48.655078391274714
159	maps/sourceMaps/css/cs_compound.map	11162110	10095280	2538.6	110.52740937223696
160	maps/sourceMaps/css/cs_compound.map	9061674	17163216	2116.4	113.3067205659424
161	maps/sourceMaps/css/cs_compound.map	15651405	12514375	1036.8	66.9182746878547
162	maps/sourceMaps/css/cs_compound.map	5310257	9209184	1138.0	15.374606505771249
163	maps/sourceMaps/css/cs_compound.map	9080537	2754006	2945.0	186.97566182749787
164	maps/sourceMaps/css/cs_compound.map	14345686	18989596	1775.6	193.74118429807052
165	maps/sourceMaps/css/cs_compound.map	10668093	14408017	1023.4	1.7275711159737417
166	maps/sourceMaps/css/cs_compound.map	2929956	13613078	2910.4	129.2510540436949
167	maps/sourceMaps/css/cs_compound.map	10422619	19106187	2140.0	4.732673267326732
168	maps/sourceMaps/css/cs_compound.map	5354215	12671166	2561.2	165.7203267659779
169	maps/sourceMaps/css/cs_compound.map	14924288	11605720	1133.2	1.0
170	maps/sourceMaps/css/cs_compound.map	18450502	12830227	1597.2	27.82083029861617
171	maps/sourceMaps/css/cs_compound.map	6902940	5532030	1384.0	1.0
172	maps/sourceMaps/css/cs_compound.map	5629831	12073836	1971.8	1.0
173	maps/sourceMaps/css/cs_compound.map	10334764	13567615	1592.4	76.77570093457943
174	maps/sourceMaps/css/cs_compound.map	12211053	10222663	2460.4	29.77194530216145
175	maps/sourceMaps/css/cs_compound.map	14406554	2622241	2999.8	156.08721334259903
176	maps/sourceMaps/css/cs_compound.map	13288092	6888126	2738.4	144.5728337236534
177	maps/sourceMaps/css/cs_compound.map	8315815	10488713	2230.8	179.7464091134225
178	maps/sourceMaps/css/cs_compound.map	8491192	5518854	1648.4	1.0
179	maps/sourceMaps/css/cs_compound.map	6897985	9287879	2250.4	147.5806953814219
180	maps/sourceMaps/css/cs_compound.map	18216979	18174667	1376.8	30.346637102734665
181	maps/sourceMaps/css/cs_compound.map	16061569	10173100	2421.8	21.699407699901283
182	maps/sourceMaps/css/cs_compound.map	19642361	13646092	1574.0	1.0
183	maps/sourceMaps/css/cs_compound.map	9510501	14096405	2064.0	1.0
184	maps/sourceMaps/css/cs_compound.map	18248324	13509346	1194.6	13.344559585492227
185	maps/sourceMaps/css/cs_compound.map	7065160	2729661	2612.0	195.24239673172946
186	maps/sourceMaps/css/cs_compound.map	10460266	4499027	2141.0	1.0
187	maps/sourceMaps/css/cs_compound.map	13477223	7403381	1693.4	9.15700808625337
188	maps/sourceMaps/css/cs_compound.map	12194364	2294707	2567.0	1.8767576509511994
189	maps/sourceMaps/css/cs_compound.map	4936955	13021655	2295.6	34.71848101265823
190	maps/sourceMaps/css/cs_compound.map	16732215	18396110	1082.2	1.0108695652173914
191	maps/sourceMaps/css/cs_compound.map	11904824	5621977	1700.8	2.5648208469055374
192	maps/sourceMaps/css/cs_compound.map	8096133	9860584	1097.4	1.038876889848812
193	maps/sourceMaps/css/cs_compound.map	6707798	17541090	2896.2	15.530990173847316
194	maps/sourceMaps/css/cs_compound.map	18849967	8089677	2699.0	52.44634703196347
195	maps/sourceMaps/css/cs_compound.map	16630592	18237542	1474.8	1.592115238817286
196	maps/sourceMaps/css/cs_compound.map	14096798	7051824	1800.0	123.08773968622894
197	maps/sourceMaps/css/cs_compound.map	5501117	3216661	1335.2	1.0
198	maps/sourceMaps/css/cs_compound.map	18015365	12694947	1423.0	10.727692307692308
199	maps/sourceMaps/css/cs_compound.map	7075245	779289	1698.6	5.9785435630689205
200	maps/sourceMaps/css/cs_compound.map	12168162	5703107	2252.8	126.1543098251959
201	maps/sourceMaps/css/cs_compound.map	11639522	7638698	1364.2	1.0
202	maps/sourceMaps/css/cs_compound.map	16086916	11322994	1288.6	104.51632302405498
203	maps/sourceMaps/css/cs_compound.map	9120615	3626532	1883.4	1.0
204	maps/sourceMaps/css/cs_compound.map	10789112	4674261	1683.8	23.022088353413654
205	maps/sourceMaps/css/cs_compound.map	15444459	7388812	2441.0	7.9435975609756095
206	maps/sourceMaps/css/cs_compound.map	11434301	14197142	2229.0	71.22448979591837
207	maps/sourceMaps/css/cs_compound.map	19789291	13128137	2231.0	76.71295336787564
208	maps/sourceMaps/css/cs_compound.map	8475687	4302141	1410.4	169.82549800796812
209	maps/sourceMaps/css/cs_compound.map	12682535	5847187	2060.2	89.61967779056387
210	maps/sourceMaps/css/cs_compound.map	10487426	8637066	1358.0	34.104726598702506
211	maps/sourceMaps/css/cs_compound.map	12370715	16945517	1289.0	60.119856887298745
212	maps/sourceMaps/css/cs_compound.map	7962248	12023078	2798.8	1.0
213	maps/sourceMaps/css/cs_compound.map	14242591	15112756	1917.0	105.56339581036384
214	maps/sourceMaps/css/cs_compound.map	17606209	21296973	1008.2	1.0
215	maps/sourceMaps/css/cs_compound.map	15030735	14693389	1614.0	139.7193220338983
216	maps/sourceMaps/css/cs_compound.map	9310273	2926092	2152.2	1.0
217	maps/sourceMaps/css/cs_compound.map	15615425	13722081	1336.2	180.63029315960912
218	maps/sourceMaps/css/cs_compound.map	12785341	3458631	2405.0	121.65759438103599
219	maps/sourceMaps/css/cs_compound.map	4515112	11295537	2342.6	84.78103837471784
220	maps/sourceMaps/css/cs_compound.map	12268294	6719790	2243.4	129.8784994400896
221	maps/sourceMaps/css/cs_compound.map	15913323	19915615	1177.0	1.0
222	maps/sourceMaps/css/cs_compound.map	21545843	12468904	2297.2	11.262516914749662
223	maps/sourceMaps/css/cs_compound.map	15702392	8525261	2127.6	77.78037649743297
224	maps/sourceMaps/css/cs_compound.map	1893357	8370131	1980.2	23.6795195954488
225	maps/sourceMaps/css/cs_compound.map	3834822	9956196	2547.6	21.065607380830343
226	maps/sourceMaps/css/cs_compound.map	16483844	6505938	2542.4	184.09437833401722
227	maps/sourceMaps/css/cs_compound.map	14399037	17758277	1028.0	1.0
228	maps/sourceMaps/css/cs_compound.map	16938199	14550611	1223.8	136.63305084745764
229	maps/sourceMaps/css/cs_compound.map	16049439	12505678	1400.0	99.3273469387755
230	maps/sourceMaps/css/cs_compound.map	9043444	11414101	1158.6	1.0
231	maps/sourceMaps/css/cs_compound.map	6910740	5462098	1483.6	1.0
232	maps/sourceMaps/css/cs_compound.map	8549190	8542853	1857.4	3.3566810344827585
233	maps/sourceMaps/css/cs_compound.map	13461645	7887746	1663.8	14.931718061674008
234	maps/sourceMaps/css/cs_compound.map	12461939	19638229	1818.4	49.54535082715345
235	maps/sourceMaps/css/cs_compound.map	13195134	4348030	2262.4	58.60249884312818
236	maps/sourceMaps/css/cs_compound.map	3588672	12304895	2252.4	188.64020666979803
237	maps/sourceMaps/css/cs_compound.map	3183290	12415366	2378.0	174.39512195121952
238	maps/sourceMaps/css/cs_compound.map	21251700	13609210	2124.4	1.0
239	maps/sourceMaps/css/cs_compound.map	9026785	4465944	2438.2	32.76278836509528
240	maps/sourceMaps/css/cs_compound.map	9111233	18560927	2466.2	169.8110918544194
241	maps/sourceMaps/css/cs_compound.map	13169825	6428852	2113.0	141.20231213872833
242	maps/sourceMaps/css/cs_compound.map	11159088	16997023	1879.0	1.9663394109396914
243	maps/sourceMaps/css/cs_compound.map	6243346	12810109	2081.0	74.80947136563877
244	maps/sourceMaps/css/cs_compound.map	4890784	3208570	1406.4	1.0
245	maps/sourceMaps/css/cs_compound.map	12265219	7275809	1410.8	21.470057424118128
246	maps/sourceMaps/css/cs_compound.map	12785808	8228363	1848.2	1.0071225071225072
247	maps/sourceMaps/css/cs_compound.map	15743997	8653844	1897.0	51.3568129330254
248	maps/sourceMaps/css/cs_compound.map	15168824	7404153	2434.0	5.605166051660516
249	maps/sourceMaps/css/cs_compound.map	12695103	20322269	2048.4	157.20826623725173
250	maps/sourceMaps/css/cs_compound.map	18387770	18790793	1654.2	19.77908415841584
251	maps/sourceMaps/css/cs_havana.map	13585974	5765728	2473.2	193.8319030792529
252	maps/sourceMaps/css/cs_havana.map	2974897	7942649	1621.0	125.1055944055944
253	maps/sourceMaps/css/cs_havana.map	2673585	7878241	2325.6	117.87234042553192
254	maps/sourceMaps/css/cs_havana.map	5770482	12499148	2067.8	10.295620437956204
255	maps/sourceMaps/css/cs_havana.map	15755133	7776207	2109.6	121.20779887121601
256	maps/sourceMaps/css/cs_havana.map	15791931	7268298	2214.2	100.731027857829
257	maps/sourceMaps/css/cs_havana.map	16979892	10679746	1737.2	1.0
258	maps/sourceMaps/css/cs_havana.map	6571355	11159081	1202.4	1.0
259	maps/sourceMaps/css/cs_havana.map	6290352	4982787	1068.6	10.435244161358812
260	maps/sourceMaps/css/cs_havana.map	9691668	8788331	2407.4	133.70719489981786
261	maps/sourceMaps/css/cs_havana.map	9810398	7612599	2163.2	104.79364303178484
262	maps/sourceMaps/css/cs_havana.map	5555525	8748501	2674.0	138.920872022608
263	maps/sourceMaps/css/cs_havana.map	8200703	4995528	2306.2	112.24172517552658
264	maps/sourceMaps/css/cs_havana.map	9025746	2946725	1756.4	136.36852459016393
265	maps/sourceMaps/css/cs_havana.map	6374570	5007883	1670.6	108.74600870827285
266	maps/sourceMaps/css/cs_havana.map	4879908	759153	1077.6	6.745779543197616
267	maps/sourceMaps/css/cs_havana.map	4669004	596198	1779.6	1.4323933477946493
268	maps/sourceMaps/css/cs_havana.map	2320443	7817667	1505.4	2.0952732644017726
269	maps/sourceMaps/css/cs_havana.map	2702467	8684606	2910.8	104.53749493311715
270	maps/sourceMaps/css/cs_havana.map	6551065	14144993	1889.2	16.626415094339624
271	maps/sourceMaps/css/cs_havana.map	2767521	9264070	1964.8	68.14070080862534
272	maps/sourceMaps/css/cs_havana.map	11513586	17800036	2007.6	182.21490972626674
273	maps/sourceMaps/css/cs_havana.map	15484948	14200192	1513.6	23.520518358531316
274	maps/sourceMaps/css/cs_havana.map	8687749	7797667	2990.0	86.61819459079733
275	maps/sourceMaps/css/cs_havana.map	14731239	5323056	2735.8	193.57823960880197
276	maps/sourceMaps/css/cs_havana.map	10759179	9869399	1051.6	12.80927291886196
277	maps/sourceMaps/css/cs_havana.map	1551085	8457657	2035.8	57.98457142857143
278	maps/sourceMaps/css/cs_havana.map	10559440	16910991	2197.6	175.62146566647434
279	maps/sourceMaps/css/cs_havana.map	11589339	5671910	2094.0	22.469106178764246
280	maps/sourceMaps/css/cs_havana.map	7201242	6122475	2773.8	139.3200155159038
281	maps/sourceMaps/css/cs_havana.map	6774286	9083292	1363.6	28.39244951712028
282	maps/sourceMaps/css/cs_havana.map	15140668	6023161	2378.4	92.44499326448137
283	maps/sourceMaps/css/cs_havana.map	7326083	6782614	1352.2	1.0
284	maps/sourceMaps/css/cs_havana.map	7115818	12891731	1865.4	67.02402745995424
285	maps/sourceMaps/css/cs_havana.map	5863073	6421507	1432.4	8.28788977519942
286	maps/sourceMaps/css/cs_havana.map	805195	8912350	2496.0	179.17273168364872
287	maps/sourceMaps/css/cs_havana.map	173128	4856206	1815.6	76.3076923076923
288	maps/sourceMaps/css/cs_havana.map	973416	156633	1758.6	16.211309523809526
289	maps/sourceMaps/css/cs_havana.map	1092173	5410504	1640.6	35.71687697160883
290	maps/sourceMaps/css/cs_havana.map	6945584	11331695	1353.0	1.0009328358208955
291	maps/sourceMaps/css/cs_havana.map	15177536	6600987	2364.0	195.03150357995227
292	maps/sourceMaps/css/cs_havana.map	9829233	2430457	2533.8	62.64
293	maps/sourceMaps/css/cs_havana.map	2505698	7585005	1346.8	11.872683319903304
294	maps/sourceMaps/css/cs_havana.map	1653474	8468300	2115.8	92.25581395348837
295	maps/sourceMaps/css/cs_havana.map	5832094	5204000	1467.2	25.65600568585643
296	maps/sourceMaps/css/cs_havana.map	7870208	8887450	1533.2	11.517073170731708
297	maps/sourceMaps/css/cs_havana.map	8999115	6940755	2129.2	51.47693105235874
298	maps/sourceMaps/css/cs_havana.map	6411559	5491488	1793.4	55.691570881226056
299	maps/sourceMaps/css/cs_havana.map	1864776	1910756	1153.2	34.83910196445276
300	maps/sourceMaps/css/cs_havana.map	8418675	11230036	1779.4	1.0
301	maps/sourceMaps/css/cs_havana.map	12896301	2512563	2708.6	154.11001577287067
302	maps/sourceMaps/css/cs_havana.map	8673892	1000805	2384.6	4.855923159018143
303	maps/sourceMaps/css/cs_havana.map	6720379	11378100	1377.2	153.75754961173425
304	maps/sourceMaps/css/cs_havana.map	6919729	15431520	2199.2	58.244348244348245
305	maps/sourceMaps/css/cs_havana.map	9547138	3229953	2018.8	153.4008922880816
306	maps/sourceMaps/css/cs_havana.map	7584409	533668	2331.0	1.0981416957026713
307	maps/sourceMaps/css/cs_havana.map	11138536	5609241	1472.0	45.452257586972614
308	maps/sourceMaps/css/cs_havana.map	10814263	9951654	1731.4	21.92233009708738
309	maps/sourceMaps/css/cs_havana.map	11052196	8473437	1973.0	2.2078977932636468
310	maps/sourceMaps/css/cs_havana.map	1492472	7341448	1491.2	6.102869139258223
311	maps/sourceMaps/css/cs_havana.map	8693848	3460566	2051.6	59.31575720416922
312	maps/sourceMaps/css/cs_havana.map	5711993	1160123	1722.2	188.78560606060606
313	maps/sourceMaps/css/cs_havana.map	7436715	5525068	1371.8	10.209949409780776
314	maps/sourceMaps/css/cs_havana.map	9693137	7524004	1959.0	12.293478260869565
315	maps/sourceMaps/css/cs_havana.map	6024830	5408256	2234.0	1.0
316	maps/sourceMaps/css/cs_havana.map	14976848	14098044	1922.0	26.128470332063145
317	maps/sourceMaps/css/cs_havana.map	8740103	10565073	2222.4	75.15826972010179
318	maps/sourceMaps/css/cs_havana.map	6937961	7611161	2717.2	142.49526694433928
319	maps/sourceMaps/css/cs_havana.map	895207	6494931	1563.8	1.0
320	maps/sourceMaps/css/cs_havana.map	4404350	11712819	2350.6	174.88940809968847
321	maps/sourceMaps/css/cs_havana.map	2127437	7396851	2472.4	2.3047473200612556
322	maps/sourceMaps/css/cs_havana.map	9160269	4363694	1234.6	17.923208191126278
323	maps/sourceMaps/css/cs_havana.map	8827999	4302064	1591.0	137.5435092724679
324	maps/sourceMaps/css/cs_havana.map	9147816	9808274	1066.4	1.0
325	maps/sourceMaps/css/cs_havana.map	12163089	5643064	1947.8	36.396844660194176
326	maps/sourceMaps/css/cs_havana.map	8434664	8330200	2099.2	55.03836694540089
327	maps/sourceMaps/css/cs_havana.map	13118086	11642420	1250.0	1.0
328	maps/sourceMaps/css/cs_havana.map	9796423	9880295	2258.0	189.64662004662006
329	maps/sourceMaps/css/cs_havana.map	8209322	3827118	1740.2	92.4922619047619
330	maps/sourceMaps/css/cs_havana.map	12810010	5649841	1892.4	58.42995997712979
331	maps/sourceMaps/css/cs_havana.map	8069694	7019172	2252.8	31.13528591352859
332	maps/sourceMaps/css/cs_havana.map	5163071	10395606	2453.8	46.010288065843625
333	maps/sourceMaps/css/cs_havana.map	15160825	5805498	2347.6	99.6183807439825
334	maps/sourceMaps/css/cs_havana.map	7705235	2263024	1982.0	132.27611443779108
335	maps/sourceMaps/css/cs_havana.map	13778227	14272035	1910.8	44.59701492537314
336	maps/sourceMaps/css/cs_havana.map	6311204	11156963	1259.4	1.0
337	maps/sourceMaps/css/cs_havana.map	11570553	15698078	2439.2	164.43782753692236
338	maps/sourceMaps/css/cs_havana.map	12952225	11062008	2319.8	35.4625468164794
339	maps/sourceMaps/css/cs_havana.map	5962019	10206147	1304.8	1.0
340	maps/sourceMaps/css/cs_havana.map	11021521	8256262	1210.4	125.48191757779647
341	maps/sourceMaps/css/cs_havana.map	16111915	12734276	1891.0	30.571062740076826
342	maps/sourceMaps/css/cs_havana.map	14562998	3921803	2693.6	63.37552904963447
343	maps/sourceMaps/css/cs_havana.map	5602003	8754946	1285.0	2.6901840490797544
344	maps/sourceMaps/css/cs_havana.map	4340734	1190592	1015.2	113.72914285714286
345	maps/sourceMaps/css/cs_havana.map	9109618	7670508	2854.8	95.90048453224003
346	maps/sourceMaps/css/cs_havana.map	10067155	5397522	1226.8	6.814198071866784
347	maps/sourceMaps/css/cs_havana.map	2287481	6346333	1104.6	1.0
348	maps/sourceMaps/css/cs_havana.map	15816295	8350147	2167.0	12.141447368421053
349	maps/sourceMaps/css/cs_havana.map	7119983	7380101	2174.4	7.6890391115403185
350	maps/sourceMaps/css/cs_havana.map	8685345	6663081	1357.6	1.0
351	maps/sourceMaps/css/cs_havana.map	11472333	6835955	1249.6	2.5119152691968227
352	maps/sourceMaps/css/cs_havana.map	8076856	8541605	2251.0	106.10519125683061
353	maps/sourceMaps/css/cs_havana.map	15255890	8373079	2527.0	85.0854247104247
354	maps/sourceMaps/css/cs_havana.map	17500335	7485045	2683.4	185.49059689288634
355	maps/sourceMaps/css/cs_havana.map	6218613	9961748	1157.6	1.0
356	maps/sourceMaps/css/cs_havana.map	7382431	653500	1961.8	4.012773722627737
357	maps/sourceMaps/css/cs_havana.map	11795750	1812509	2968.2	140.24878246753246
358	maps/sourceMaps/css/cs_havana.map	2802913	8225032	1950.8	154.31932282545242
359	maps/sourceMaps/css/cs_havana.map	1571474	11795779	2809.4	50.084375
360	maps/sourceMaps/css/cs_havana.map	13176458	16865891	1451.0	63.26126126126126
361	maps/sourceMaps/css/cs_havana.map	10320431	13465299	1211.6	188.3914438502674
362	maps/sourceMaps/css/cs_havana.map	7542084	525489	1820.6	4.763127187864644
363	maps/sourceMaps/css/cs_havana.map	3229452	5786243	1136.6	1.0
364	maps/sourceMaps/css/cs_havana.map	11363964	8860389	1163.4	1.0989130434782608
365	maps/sourceMaps/css/cs_havana.map	6211210	10680636	1367.0	8.917582417582418
366	maps/sourceMaps/css/cs_havana.map	14763720	10126873	1202.0	1.0
367	maps/sourceMaps/css/cs_havana.map	8604844	14178446	1782.6	7.4331864904552125
368	maps/sourceMaps/css/cs_havana.map	6239783	6294768	1774.2	18.26121979286536
369	maps/sourceMaps/css/cs_havana.map	6842659	8707821	1664.0	51.92852326365475
370	maps/sourceMaps/css/cs_havana.map	14636803	12840645	2161.6	42.597886260694516
371	maps/sourceMaps/css/cs_havana.map	13105476	8632854	1176.0	15.204940530649589
372	maps/sourceMaps/css/cs_havana.map	11770811	12588642	1449.0	1.0
373	maps/sourceMaps/css/cs_havana.map	4248959	9877816	1821.2	70.28013468013468
374	maps/sourceMaps/css/cs_havana.map	2577414	2267315	1502.8	198.46840958605665
375	maps/sourceMaps/css/cs_havana.map	10468105	10003518	1857.0	198.21206896551723
376	maps/sourceMaps/css/cs_havana.map	5159687	9121223	1248.6	1.0
377	maps/sourceMaps/css/cs_havana.map	5327011	7877030	2038.2	13.935195530726258
378	maps/sourceMaps/css/cs_havana.map	6908279	8544309	2530.0	84.92956558414171
379	maps/sourceMaps/css/cs_havana.map	6735511	4316663	2124.4	84.88988883006881
380	maps/sourceMaps/css/cs_havana.map	11845374	15690634	1401.2	133.01338090990188
381	maps/sourceMaps/css/cs_havana.map	10472768	3127256	2391.6	42.468699839486355
382	maps/sourceMaps/css/cs_havana.map	7038597	5942649	1887.2	34.502526670409885
383	maps/sourceMaps/css/cs_havana.map	8025683	8346666	1526.2	3.3322192513368982
384	maps/sourceMaps/css/cs_havana.map	5326697	13867147	2233.8	133.3686481303931
385	maps/sourceMaps/css/cs_havana.map	8865855	8273336	1495.0	170.9037089871612
386	maps/sourceMaps/css/cs_havana.map	9462660	13014895	1349.8	1.0169322709163346
387	maps/sourceMaps/css/cs_havana.map	11934393	6561066	1562.0	1.702970297029703
388	maps/sourceMaps/css/cs_havana.map	603038	8217029	2379.2	189.54682193110142
389	maps/sourceMaps/css/cs_havana.map	8130911	5035319	1344.0	186.01572617946346
390	maps/sourceMaps/css/cs_havana.map	8418235	3679723	1755.2	109.2030606238964
391	maps/sourceMaps/css/cs_havana.map	12423871	12699160	1054.2	145.0487804878049
392	maps/sourceMaps/css/cs_havana.map	3701191	7850571	1065.8	3.8846153846153846
393	maps/sourceMaps/css/cs_havana.map	5159955	7694063	1563.6	1.0
394	maps/sourceMaps/css/cs_havana.map	7075884	3843393	1155.6	96.99003322259136
395	maps/sourceMaps/css/cs_havana.map	6650620	12396264	1827.2	139.44240282685513
396	maps/sourceMaps/css/cs_havana.map	6077007	13432940	1989.2	81.95715080690039
397	maps/sourceMaps/css/cs_havana.map	8230279	5459290	2273.8	2.1741516966067866
398	maps/sourceMaps/css/cs_havana.map	4757329	13510521	2257.0	163.24321796071095
399	maps/sourceMaps/css/cs_havana.map	4349452	1525694	1889.6	1.3702786377708978
400	maps/sourceMaps/css/cs_havana.map	2505836	2119003	1929.6	138.17890157694399
401	maps/sourceMaps/css/cs_havana.map	2475250	11120783	2607.0	147.57853881278538
402	maps/sourceMaps/css/cs_havana.map	12400066	6884344	2175.6	96.56680647094068
403	maps/sourceMaps/css/cs_havana.map	5314765	14554590	2556.4	7.364643331856446
404	maps/sourceMaps/css/cs_havana.map	5097815	7517694	1093.4	16.888111888111887
405	maps/sourceMaps/css/cs_havana.map	3286954	981739	1058.2	4.226618705035971
406	maps/sourceMaps/css/cs_havana.map	12306585	5569080	1827.0	188.2958687727825
407	maps/sourceMaps/css/cs_havana.map	7002348	8634091	1694.2	47.247395833333336
408	maps/sourceMaps/css/cs_havana.map	14403969	5695259	2852.8	105.79120086548863
409	maps/sourceMaps/css/cs_havana.map	14722779	6798281	2439.8	7.983987603305785
410	maps/sourceMaps/css/cs_havana.map	10632010	11617797	1445.4	1.0
411	maps/sourceMaps/css/cs_havana.map	10871175	12806736	2501.0	70.36533333333334
412	maps/sourceMaps/css/cs_havana.map	10396536	3405340	2173.8	164.59514370664024
413	maps/sourceMaps/css/cs_havana.map	940666	9043557	2417.0	79.55239960822723
414	maps/sourceMaps/css/cs_havana.map	13984548	17869068	2899.2	94.23394683026585
415	maps/sourceMaps/css/cs_havana.map	15522770	5041823	2999.2	162.32725282743525
416	maps/sourceMaps/css/cs_havana.map	1267203	8621760	2963.4	70.68072824156306
417	maps/sourceMaps/css/cs_havana.map	6887014	11822686	1208.2	1.0
418	maps/sourceMaps/css/cs_havana.map	11276471	9918427	2104.0	157.1164570803718
419	maps/sourceMaps/css/cs_havana.map	7283600	16553521	2883.4	154.0625894134478
420	maps/sourceMaps/css/cs_havana.map	6284467	11845872	1836.2	98.32694848084545
421	maps/sourceMaps/css/cs_havana.map	670072	3970911	1031.0	116.53398058252426
422	maps/sourceMaps/css/cs_havana.map	2815461	8240640	2604.6	8.145472061657033
423	maps/sourceMaps/css/cs_havana.map	8256030	12059488	2097.6	10.410538506079908
424	maps/sourceMaps/css/cs_havana.map	16698277	14165686	1510.2	1.0
425	maps/sourceMaps/css/cs_havana.map	3339173	6387755	1486.8	177.4896779521057
426	maps/sourceMaps/css/cs_havana.map	11483756	9405931	1355.8	24.244367417677644
427	maps/sourceMaps/css/cs_havana.map	10380403	12622187	1490.8	1.0
428	maps/sourceMaps/css/cs_havana.map	13489038	10604759	1078.2	26.021951219512196
429	maps/sourceMaps/css/cs_havana.map	5187614	13695298	2265.0	137.6082771896054
430	maps/sourceMaps/css/cs_havana.map	5876988	8819512	2787.6	75.54578168732507
431	maps/sourceMaps/css/cs_havana.map	9812118	11400433	1088.2	24.095289079229122
432	maps/sourceMaps/css/cs_havana.map	3475105	1751629	1108.4	26.573857598299682
433	maps/sourceMaps/css/cs_havana.map	12167034	3617845	2445.8	81.51456766917293
434	maps/sourceMaps/css/cs_havana.map	14099239	10189626	2696.8	92.99274486094316
435	maps/sourceMaps/css/cs_havana.map	16444085	8545175	2930.4	194.6867924528302
436	maps/sourceMaps/css/cs_havana.map	11985731	12884136	1527.0	24.42836468885673
437	maps/sourceMaps/css/cs_havana.map	12420675	9558629	1337.6	1.0
438	maps/sourceMaps/css/cs_havana.map	10066930	11633942	1956.0	9.31008174386921
439	maps/sourceMaps/css/cs_havana.map	10509344	4093776	2058.8	4.633694958519464
440	maps/sourceMaps/css/cs_havana.map	5798631	8753980	2251.8	15.668533604887983
441	maps/sourceMaps/css/cs_havana.map	7324104	4171252	1446.8	119.84667228306655
442	maps/sourceMaps/css/cs_havana.map	14563780	7956060	2366.2	71.20716783216783
443	maps/sourceMaps/css/cs_havana.map	4601807	12351061	2043.2	1.0
444	maps/sourceMaps/css/cs_havana.map	6965042	7541447	1212.2	73.09452296819788
445	maps/sourceMaps/css/cs_havana.map	11457761	3188272	2153.0	1.0
446	maps/sourceMaps/css/cs_havana.map	9536330	7227371	1410.6	7.379426644182125
447	maps/sourceMaps/css/cs_havana.map	7411558	2241950	1444.4	14.94695170229612
448	maps/sourceMaps/css/cs_havana.map	894125	9649134	2879.8	1.606641721234799
449	maps/sourceMaps/css/cs_havana.map	13826625	10249371	1795.2	3.201796821008984
450	maps/sourceMaps/css/cs_havana.map	17140015	9909296	2276.6	1.0
451	maps/sourceMaps/css/cs_havana.map	11347434	6240446	1536.6	18.416666666666668
452	maps/sourceMaps/css/cs_havana.map	9405824	13142529	1612.6	122.52210365853658
453	maps/sourceMaps/css/cs_havana.map	4270101	4281386	1126.6	104.72609561752988
454	maps/sourceMaps/css/cs_havana.map	11966437	7362086	1352.8	137.956917978459
455	maps/sourceMaps/css/cs_havana.map	3882055	5326464	1706.4	53.49531542785759
456	maps/sourceMaps/css/cs_havana.map	6599395	12924654	2303.6	186.95143800094294
457	maps/sourceMaps/css/cs_havana.map	4111902	6379600	1707.6	1.0753194351042368
458	maps/sourceMaps/css/cs_havana.map	8853336	5597797	1152.4	34.82893226176808
459	maps/sourceMaps/css/cs_havana.map	9857459	5950362	1148.8	6.330890052356021
460	maps/sourceMaps/css/cs_havana.map	7895164	5004130	1038.2	44.523498694516974
461	maps/sourceMaps/css/cs_havana.map	5265104	14722835	2419.0	121.29047619047618
462	maps/sourceMaps/css/cs_havana.map	5725331	8206695	1054.4	1.0
463	maps/sourceMaps/css/cs_havana.map	7786838	6428472	1638.8	134.84339747843399
464	maps/sourceMaps/css/cs_havana.map	13231982	9132454	1228.2	1.0
465	maps/sourceMaps/css/cs_havana.map	7013335	6883330	1173.4	80.62734082397004
466	maps/sourceMaps/css/cs_havana.map	4805948	14174284	2600.6	8.983391608391608
467	maps/sourceMaps/css/cs_havana.map	11267743	7206455	2744.6	144.23870967741937
468	maps/sourceMaps/css/cs_havana.map	2709274	7768463	1486.6	1.0
469	maps/sourceMaps/css/cs_havana.map	11520853	11768097	2683.6	131.1798698813624
470	maps/sourceMaps/css/cs_havana.map	3082049	9496351	1593.2	21.185067007019782
471	maps/sourceMaps/css/cs_havana.map	1104341	7727640	1643.8	1.0
472	maps/sourceMaps/css/cs_havana.map	11663173	4472140	2431.4	8.826860841423947
473	maps/sourceMaps/css/cs_havana.map	6996913	8895067	1931.0	192.64883720930231
474	maps/sourceMaps/css/cs_havana.map	11531713	1149334	2927.4	11.867902208201892
475	maps/sourceMaps/css/cs_havana.map	6186312	6892426	1804.4	31.386797915460335
476	maps/sourceMaps/css/cs_havana.map	12343279	11006807	1306.4	1.7085811384876806
477	maps/sourceMaps/css/cs_havana.map	10296286	10176217	1429.0	20.009036144578314
478	maps/sourceMaps/css/cs_havana.map	5351446	4381803	1212.6	102.01261261261261
479	maps/sourceMaps/css/cs_havana.map	2521392	6878729	1386.8	10.938967136150234
480	maps/sourceMaps/css/cs_havana.map	136546	3831943	1232.4	22.884405670665213
481	maps/sourceMaps/css/cs_havana.map	3568739	6904652	2094.6	62.21242937853108
482	maps/sourceMaps/css/cs_havana.map	11515779	17545311	1672.0	193.68431771894095
483	maps/sourceMaps/css/cs_havana.map	13779834	12216764	2108.8	53.22266204849085
484	maps/sourceMaps/css/cs_havana.map	11733015	17446868	1598.6	199.41618911174785
485	maps/sourceMaps/css/cs_havana.map	2275948	12196308	2754.0	108.22661200149086
486	maps/sourceMaps/css/cs_havana.map	11235692	6374352	1431.8	1.0
487	maps/sourceMaps/css/cs_havana.map	1030665	11270544	2602.0	157.94202319072372
488	maps/sourceMaps/css/cs_havana.map	5084643	12990100	2000.8	13.908337648886587
489	maps/sourceMaps/css/cs_havana.map	8465000	3036622	1846.6	147.01347517730497
490	maps/sourceMaps/css/cs_havana.map	5393872	12294017	2406.0	156.05135284373276
491	maps/sourceMaps/css/cs_havana.map	12001794	2205312	2898.8	120.98624038850667
492	maps/sourceMaps/css/cs_havana.map	5381404	9922046	2265.6	1.0
493	maps/sourceMaps/css/cs_havana.map	8002373	2804141	1432.2	1.0
494	maps/sourceMaps/css/cs_havana.map	10994463	16726152	2186.4	113.98211291224148
495	maps/sourceMaps/css/cs_havana.map	3593616	7469379	1396.8	60.933458294283035
496	maps/sourceMaps/css/cs_havana.map	1301095	11179611	2826.4	4.637795275590551
497	maps/sourceMaps/css/cs_havana.map	14935757	5105019	2535.2	88.685964181591
498	maps/sourceMaps/css/cs_havana.map	9218741	7536315	1194.4	4.872938894277401
499	maps/sourceMaps/css/cs_havana.map	7863308	1143764	2760.0	4.921140142517815
500	maps/sourceMaps/css/cs_havana.map	2415512	4024037	1481.8	103.02159468438538
501	maps/sourceMaps/css/cs_italy.map	9408149	3149013	1707.2	14.284499672988881
502	maps/sourceMaps/css/cs_italy.map	13897239	7089688	1662.4	1.0
503	maps/sourceMaps/css/cs_italy.map	6149106	4074273	2068.8	35.98196286472149
504	maps/sourceMaps/css/cs_italy.map	12740055	3821860	2768.6	65.37849280270957
505	maps/sourceMaps/css/cs_italy.map	10134990	4179189	1543.2	12.531185743660041
506	maps/sourceMaps/css/cs_italy.map	9434204	16097846	1888.4	99.0082498526812
507	maps/sourceMaps/css/cs_italy.map	6812901	11684209	1988.8	77.19805380652548
508	maps/sourceMaps/css/cs_italy.map	9658947	12686657	1173.8	171.65513626834382
509	maps/sourceMaps/css/cs_italy.map	6014045	3284544	2869.2	22.912108638249716
510	maps/sourceMaps/css/cs_italy.map	18982952	16046964	1321.6	71.18916595012898
511	maps/sourceMaps/css/cs_italy.map	11003639	6575079	1448.0	113.04099060631938
512	maps/sourceMaps/css/cs_italy.map	12183650	14123032	2721.4	88.27850697292862
513	maps/sourceMaps/css/cs_italy.map	11392309	6911224	1667.4	56.96396965865993
514	maps/sourceMaps/css/cs_italy.map	19753927	15747934	1020.0	1.0
515	maps/sourceMaps/css/cs_italy.map	19928809	15054140	1417.4	152.30607476635515
516	maps/sourceMaps/css/cs_italy.map	12179765	11715667	1478.2	118.8768656716418
517	maps/sourceMaps/css/cs_italy.map	12472932	10331437	1106.4	43.920666013712044
518	maps/sourceMaps/css/cs_italy.map	23619387	18156417	2130.4	165.79927573719607
519	maps/sourceMaps/css/cs_italy.map	11680712	4253989	2321.2	79.49027589326097
520	maps/sourceMaps/css/cs_italy.map	2487758	6048104	1269.6	1.0227518959913326
521	maps/sourceMaps/css/cs_italy.map	12615185	21326838	2490.6	120.78007518796993
522	maps/sourceMaps/css/cs_italy.map	3099455	3867983	1595.2	1.0
523	maps/sourceMaps/css/cs_italy.map	3671860	3369956	1229.6	1.0
524	maps/sourceMaps/css/cs_italy.map	7835299	318105	2248.6	10.07843137254902
525	maps/sourceMaps/css/cs_italy.map	18324607	18654946	1487.0	49.19888734353268
526	maps/sourceMaps/css/cs_italy.map	4138159	8268102	1812.2	182.32630906768838
527	maps/sourceMaps/css/cs_italy.map	5981295	4353729	2878.6	20.642496392496394
528	maps/sourceMaps/css/cs_italy.map	15803212	24253406	2121.4	1.0
529	maps/sourceMaps/css/cs_italy.map	14568737	11483546	1228.8	113.55238095238096
530	maps/sourceMaps/css/cs_italy.map	13204291	2718294	2895.2	125.63433118605532
531	maps/sourceMaps/css/cs_italy.map	8045632	11262018	1409.6	60.23184601924759
532	maps/sourceMaps/css/cs_italy.map	2599854	5924934	1222.6	75.83406113537117
533	maps/sourceMaps/css/cs_italy.map	18180727	20543461	1089.0	184.0320910973085
534	maps/sourceMaps/css/cs_italy.map	19643024	16932795	1587.8	18.11858006042296
535	maps/sourceMaps/css/cs_italy.map	14037538	8139450	1500.8	13.394170714781401
536	maps/sourceMaps/css/cs_italy.map	1736062	2361492	1497.6	85.50595710881652
537	maps/sourceMaps/css/cs_italy.map	17632114	8104090	2664.0	194.68399168399168
538	maps/sourceMaps/css/cs_italy.map	15238419	20774355	2947.8	53.47857142857143
539	maps/sourceMaps/css/cs_italy.map	9086229	11014455	1178.4	1.0
540	maps/sourceMaps/css/cs_italy.map	12705834	11008530	2702.0	1.0
541	maps/sourceMaps/css/cs_italy.map	15218145	20199317	1459.0	58.56717557251908
542	maps/sourceMaps/css/cs_italy.map	22819853	22673385	1361.6	148.97804208600184
543	maps/sourceMaps/css/cs_italy.map	10344616	19745875	2763.6	128.9049367605059
544	maps/sourceMaps/css/cs_italy.map	20807652	17094178	2860.4	65.34773909563826
545	maps/sourceMaps/css/cs_italy.map	19501797	27330165	2275.8	1.0
546	maps/sourceMaps/css/cs_italy.map	2528375	6378095	1148.0	1.0
547	maps/sourceMaps/css/cs_italy.map	13973105	6312693	2843.2	190.78184009642428
548	maps/sourceMaps/css/cs_italy.map	17625719	9359882	2211.8	10.526240458015268
549	maps/sourceMaps/css/cs_italy.map	13639325	7609924	1521.4	2.6356951871657754
550	maps/sourceMaps/css/cs_italy.map	4055772	9233310	1358.4	64.82134387351779
551	maps/sourceMaps/css/cs_italy.map	5222744	10839951	2204.2	105.25058823529412
552	maps/sourceMaps/css/cs_italy.map	8664200	15188258	1941.0	1.0
553	maps/sourceMaps/css/cs_italy.map	9208830	3228560	1504.0	6.94113620807666
554	maps/sourceMaps/css/cs_italy.map	26265180	18343593	1964.8	1.0
555	maps/sourceMaps/css/cs_italy.map	3486421	9819222	1700.0	1.0
556	maps/sourceMaps/css/cs_italy.map	15872085	22541079	2193.0	71.59095238095239
557	maps/sourceMaps/css/cs_italy.map	27018340	20440871	1888.8	1.0
558	maps/sourceMaps/css/cs_italy.map	16080667	20096778	2501.2	8.669004207573632
559	maps/sourceMaps/css/cs_italy.map	26113103	17081105	2332.2	2.897552130553037
560	maps/sourceMaps/css/cs_italy.map	20692961	11066924	2621.4	57.94108280254777
561	maps/sourceMaps/css/cs_italy.map	23717763	26416327	1015.2	9.749682337992375
562	maps/sourceMaps/css/cs_italy.map	9553743	4605738	1492.4	54.165596002855104
563	maps/sourceMaps/css/cs_italy.map	11769299	11264595	1207.8	138.989852398524
564	maps/sourceMaps/css/cs_italy.map	4776665	1546650	2044.6	17.27456647398844
565	maps/sourceMaps/css/cs_italy.map	3040149	7877505	1233.4	81.43667763157895
566	maps/sourceMaps/css/cs_italy.map	8785337	13045307	1092.0	1.0
567	maps/sourceMaps/css/cs_italy.map	16684813	28095820	2965.6	2.44994617868676
568	maps/sourceMaps/css/cs_italy.map	10831411	5929162	1539.0	106.95098039215686
569	maps/sourceMaps/css/cs_italy.map	10740816	14434942	1314.0	111.68021892103205
570	maps/sourceMaps/css/cs_italy.map	24352089	14360903	2893.0	16.80855315747402
571	maps/sourceMaps/css/cs_italy.map	6193867	16245418	2516.0	47.67087576374745
572	maps/sourceMaps/css/cs_italy.map	11316805	20294531	2595.6	154.72275574112734
573	maps/sourceMaps/css/cs_italy.map	24150988	27927524	1027.2	19.346514047866805
574	maps/sourceMaps/css/cs_italy.map	7699943	932346	2054.0	11.11252268602541
575	maps/sourceMaps/css/cs_italy.map	19901106	15910761	1564.2	196.1609442060086
576	maps/sourceMaps/css/cs_italy.map	7005374	2307791	1358.6	2.307491289198606
577	maps/sourceMaps/css/cs_italy.map	3111143	2264714	1525.8	87.40927977839335
578	maps/sourceMaps/css/cs_italy.map	9760394	437198	2556.0	11.24110671936759
579	maps/sourceMaps/css/cs_italy.map	8723939	16292634	2254.4	194.67966845441248
580	maps/sourceMaps/css/cs_italy.map	3908439	4176328	1675.0	1.0
581	maps/sourceMaps/css/cs_italy.map	10683988	1247899	2820.6	51.30623973727422
582	maps/sourceMaps/css/cs_italy.map	6217118	1333160	2190.6	53.280434782608694
583	maps/sourceMaps/css/cs_italy.map	9782594	4166693	1485.0	1.0
584	maps/sourceMaps/css/cs_italy.map	2670065	14409376	2949.6	42.68957098011859
585	maps/sourceMaps/css/cs_italy.map	3171642	75973	1387.0	150.23338870431894
586	maps/sourceMaps/css/cs_italy.map	15589071	3907113	2918.4	1.0
587	maps/sourceMaps/css/cs_italy.map	4349221	534830	1387.4	1.0
588	maps/sourceMaps/css/cs_italy.map	9420200	3800425	1397.2	9.037873270211216
589	maps/sourceMaps/css/cs_italy.map	16715433	20709229	1078.0	99.60668633235005
590	maps/sourceMaps/css/cs_italy.map	28083111	21082873	1900.2	136.2824561403509
591	maps/sourceMaps/css/cs_italy.map	5727393	4069996	1715.2	21.662710805746407
592	maps/sourceMaps/css/cs_italy.map	6095061	2021518	2375.0	22.694135490394338
593	maps/sourceMaps/css/cs_italy.map	6723737	14351515	2319.2	166.5012879958784
594	maps/sourceMaps/css/cs_italy.map	11969119	9488455	1861.8	13.569148936170214
595	maps/sourceMaps/css/cs_italy.map	10529030	11387235	2039.0	6.989775051124744
596	maps/sourceMaps/css/cs_italy.map	23823573	15652739	2604.2	150.71709974853312
597	maps/sourceMaps/css/cs_italy.map	10725677	11104646	1996.2	2.896938775510204
598	maps/sourceMaps/css/cs_italy.map	7860579	16032359	2099.0	1.0
599	maps/sourceMaps/css/cs_italy.map	7902257	3753797	1514.8	175.71698113207546
600	maps/sourceMaps/css/cs_italy.map	18535296	10662472	2046.8	5.374934997399896
601	maps/sourceMaps/css/cs_italy.map	3592914	3782474	1162.4	1.0
602	maps/sourceMaps/css/cs_italy.map	994740	5103141	1149.0	68.26693227091633
603	maps/sourceMaps/css/cs_italy.map	15632120	13432139	1369.6	156.3551867219917
604	maps/sourceMaps/css/cs_italy.map	12197406	3673716	2115.4	19.061959654178676
605	maps/sourceMaps/css/cs_italy.map	16839650	8561643	2308.6	66.9494602551521
606	maps/sourceMaps/css/cs_italy.map	9561227	14995832	1730.0	140.33016949152542
607	maps/sourceMaps/css/cs_italy.map	10143915	12677378	2210.4	157.46310432569973
608	maps/sourceMaps/css/cs_italy.map	6844672	3341137	2983.4	7.864496593489781
609	maps/sourceMaps/css/cs_italy.map	3386155	9694626	1942.6	132.01340782122904
610	maps/sourceMaps/css/cs_italy.map	16795193	21497583	1220.8	1.0
611	maps/sourceMaps/css/cs_italy.map	14319756	10393844	2707.2	164.2550225502255
612	maps/sourceMaps/css/cs_italy.map	6132203	3360744	1803.8	9.96870925684485
613	maps/sourceMaps/css/cs_italy.map	8867929	15163935	1718.6	1.1092327698309492
614	maps/sourceMaps/css/cs_italy.map	7052810	3111974	1155.6	17.67705088265836
615	maps/sourceMaps/css/cs_italy.map	4052405	432952	1764.6	1.4475920679886685
616	maps/sourceMaps/css/cs_italy.map	16853712	7526445	2651.4	127.93039049235993
617	maps/sourceMaps/css/cs_italy.map	4203385	4164378	1957.0	1.0
618	maps/sourceMaps/css/cs_italy.map	502688	5930346	1508.2	1.0
619	maps/sourceMaps/css/cs_italy.map	5423804	3590484	1867.2	1.0
620	maps/sourceMaps/css/cs_italy.map	23884740	26867326	1007.2	1.0
621	maps/sourceMaps/css/cs_italy.map	10659272	8045193	1097.0	176.31764705882352
622	maps/sourceMaps/css/cs_italy.map	19896122	28615963	2346.2	1.0
623	maps/sourceMaps/css/cs_italy.map	9556811	11671822	1681.4	1.0
624	maps/sourceMaps/css/cs_italy.map	6050056	9626240	1268.2	133.87302977232926
625	maps/sourceMaps/css/cs_italy.map	9281828	11154592	1089.2	10.624860022396417
626	maps/sourceMaps/css/cs_italy.map	4823369	4705700	1184.8	7.169712793733681
627	maps/sourceMaps/css/cs_italy.map	11035606	18166596	2143.0	65.74806576402321
628	maps/sourceMaps/css/cs_italy.map	24679711	17332172	2096.8	22.269126424308194
629	maps/sourceMaps/css/cs_italy.map	26665677	18384847	2629.0	105.02247706422018
630	maps/sourceMaps/css/cs_italy.map	10753776	3101665	2267.0	70.21222664015905
631	maps/sourceMaps/css/cs_italy.map	9623812	2803979	1667.8	2.533013205282113
632	maps/sourceMaps/css/cs_italy.map	20860709	21072590	1147.8	32.32823741007194
633	maps/sourceMaps/css/cs_italy.map	20577119	26256619	2937.6	173.70664569406213
634	maps/sourceMaps/css/cs_italy.map	16500700	22525902	1499.0	7.311820652173913
635	maps/sourceMaps/css/cs_italy.map	4612561	9528233	1396.8	183.18068276436304
636	maps/sourceMaps/css/cs_italy.map	14269583	8998492	1520.0	46.81519357195033
637	maps/sourceMaps/css/cs_italy.map	3343691	7541868	1114.2	1.0
638	maps/sourceMaps/css/cs_italy.map	15738455	19019946	1109.8	192.39891304347827
639	maps/sourceMaps/css/cs_italy.map	2292338	5595345	2787.8	19.47485806974858
640	maps/sourceMaps/css/cs_italy.map	1296298	3429124	1599.0	37.84782608695652
641	maps/sourceMaps/css/cs_italy.map	13373547	10015969	1483.2	125.12618025751073
642	maps/sourceMaps/css/cs_italy.map	3642005	1403093	1818.8	33.349156777014365
643	maps/sourceMaps/css/cs_italy.map	4968997	15462719	2810.8	100.68318376902067
644	maps/sourceMaps/css/cs_italy.map	4598122	6640578	1717.8	180.64303959131544
645	maps/sourceMaps/css/cs_italy.map	28640479	24302774	1075.4	1.0
646	maps/sourceMaps/css/cs_italy.map	13300058	8602143	1225.8	1.0
647	maps/sourceMaps/css/cs_italy.map	13655786	19397132	2235.2	148.93727689954105
648	maps/sourceMaps/css/cs_italy.map	1071178	10012471	2333.8	195.47557726465365
649	maps/sourceMaps/css/cs_italy.map	3796140	1939680	1153.2	1.0
650	maps/sourceMaps/css/cs_italy.map	11242085	2790651	2798.0	199.12473572938688
651	maps/sourceMaps/css/cs_italy.map	26755843	23181002	1316.2	1.0
652	maps/sourceMaps/css/cs_italy.map	2946019	10102009	1858.2	1.0
653	maps/sourceMaps/css/cs_italy.map	8455188	12157537	1078.0	1.0
654	maps/sourceMaps/css/cs_italy.map	18773710	17936086	2138.0	15.893048128342246
655	maps/sourceMaps/css/cs_italy.map	27386929	16552739	2764.2	34.56235827664399
656	maps/sourceMaps/css/cs_italy.map	8678934	302122	2241.8	10.154936461388074
657	maps/sourceMaps/css/cs_italy.map	3853263	7298616	1207.2	71.3794428434198
658	maps/sourceMaps/css/cs_italy.map	6895734	12486749	1375.0	1.0
659	maps/sourceMaps/css/cs_italy.map	12488074	7126623	1394.2	1.4709923664122138
660	maps/sourceMaps/css/cs_italy.map	4538891	3462633	1095.2	1.0
661	maps/sourceMaps/css/cs_italy.map	5987769	14200189	2029.0	26.768195413758725
662	maps/sourceMaps/css/cs_italy.map	2206318	6647395	1579.2	161.9238866396761
663	maps/sourceMaps/css/cs_italy.map	17999641	16940089	1561.2	73.34272658035034
664	maps/sourceMaps/css/cs_italy.map	3063035	9375139	1608.2	1.0
665	maps/sourceMaps/css/cs_italy.map	22562652	18130720	1106.0	1.0
666	maps/sourceMaps/css/cs_italy.map	18722499	19438352	1017.0	72.11286919831224
667	maps/sourceMaps/css/cs_italy.map	8237488	11488145	2846.2	4.736363636363636
668	maps/sourceMaps/css/cs_italy.map	8340358	3822653	1176.2	1.0
669	maps/sourceMaps/css/cs_italy.map	6221388	2336646	2197.2	68.21386666666666
670	maps/sourceMaps/css/cs_italy.map	20567731	28710170	2151.6	1.0
671	maps/sourceMaps/css/cs_italy.map	22730476	20262063	2176.6	185.71010901883054
672	maps/sourceMaps/css/cs_italy.map	859184	4037110	1004.0	1.0
673	maps/sourceMaps/css/cs_italy.map	4540699	2937555	1764.4	1.0
674	maps/sourceMaps/css/cs_italy.map	8360803	12123243	2679.2	1.0
675	maps/sourceMaps/css/cs_italy.map	18194097	20859552	1301.4	7.967370441458733
676	maps/sourceMaps/css/cs_italy.map	9038193	13433964	1458.0	28.349627174813588
677	maps/sourceMaps/css/cs_italy.map	9223583	18447197	2607.6	135.6366598778004
678	maps/sourceMaps/css/cs_italy.map	11967009	11317554	2402.2	64.51660839160839
679	maps/sourceMaps/css/cs_italy.map	19553229	16887713	1240.4	1.7349643221202855
680	maps/sourceMaps/css/cs_italy.map	621064	8595814	2013.4	79.65913757700206
681	maps/sourceMaps/css/cs_italy.map	21287871	29119797	2061.6	1.0
682	maps/sourceMaps/css/cs_italy.map	21353352	29160288	2068.4	121.14892501310959
683	maps/sourceMaps/css/cs_italy.map	3343397	9491376	1547.8	2.6977363515312915
684	maps/sourceMaps/css/cs_italy.map	9937559	15442011	1572.8	1.0
685	maps/sourceMaps/css/cs_italy.map	2251276	6695170	1191.4	1.0
686	maps/sourceMaps/css/cs_italy.map	12070934	8188964	1424.4	71.03615604186488
687	maps/sourceMaps/css/cs_italy.map	23369254	27304996	1166.6	1.0
688	maps/sourceMaps/css/cs_italy.map	21771902	19700423	1443.8	165.97993827160494
689	maps/sourceMaps/css/cs_italy.map	10401142	9070894	1082.0	1.0
690	maps/sourceMaps/css/cs_italy.map	1955828	10134526	2458.4	187.49689143950263
691	maps/sourceMaps/css/cs_italy.map	22624185	27313663	1321.8	1.0
692	maps/sourceMaps/css/cs_italy.map	12107216	2624824	2375.8	25.389896373056995
693	maps/sourceMaps/css/cs_italy.map	13597578	10728637	2147.6	44.36098310291859
694	maps/sourceMaps/css/cs_italy.map	11789385	13326156	1109.2	178.7442872687704
695	maps/sourceMaps/css/cs_italy.map	8057776	3736814	1182.2	1.0
696	maps/sourceMaps/css/cs_italy.map	10876655	5394915	1950.2	144.59345794392524
697	maps/sourceMaps/css/cs_italy.map	9828453	5907092	2026.0	190.6960503720664
698	maps/sourceMaps/css/cs_italy.map	4995393	3497104	1033.6	9.638251366120219
699	maps/sourceMaps/css/cs_italy.map	10294957	2087449	2436.6	37.49253034547152
700	maps/sourceMaps/css/cs_italy.map	19314886	14592735	1491.4	49.59705882352941
701	maps/sourceMaps/css/cs_italy.map	21874513	20897204	2250.2	144.59323671497586
702	maps/sourceMaps/css/cs_italy.map	16736014	6155925	2676.2	59.10719814241486
703	maps/sourceMaps/css/cs_italy.map	20883259	21237617	2495.2	93.01671799384074
704	maps/sourceMaps/css/cs_italy.map	4351836	3588886	1168.4	1.0
705	maps/sourceMaps/css/cs_italy.map	17028691	19713164	1858.0	46.033145716072546
706	maps/sourceMaps/css/cs_italy.map	19512736	13713005	1572.4	164.9604798870854
707	maps/sourceMaps/css/cs_italy.map	4004776	9977611	1969.8	57.66493656286044
708	maps/sourceMaps/css/cs_italy.map	14666494	9626299	2995.0	68.12206744868035
709	maps/sourceMaps/css/cs_italy.map	4503013	10074358	1875.6	71.47318797878609
710	maps/sourceMaps/css/cs_italy.map	17124032	19060415	1355.2	65.48612212529738
711	maps/sourceMaps/css/cs_italy.map	7443692	3797752	1090.0	1.0
712	maps/sourceMaps/css/cs_italy.map	5559227	11305013	1872.4	131.01640378548896
713	maps/sourceMaps/css/cs_italy.map	166946	4287688	1072.4	26.664349553128105
714	maps/sourceMaps/css/cs_italy.map	450040	3581230	2556.0	17.470901821412706
715	maps/sourceMaps/css/cs_italy.map	5537400	2836533	1866.6	1.0
716	maps/sourceMaps/css/cs_italy.map	23570250	28062397	1603.8	1.0
717	maps/sourceMaps/css/cs_italy.map	11262795	20954103	2434.8	30.07689057879172
718	maps/sourceMaps/css/cs_italy.map	12237904	9784843	1565.6	193.32319894249835
719	maps/sourceMaps/css/cs_italy.map	4512110	1383436	1032.0	1.0
720	maps/sourceMaps/css/cs_italy.map	19431031	17513130	1160.2	2.8501026694045173
721	maps/sourceMaps/css/cs_italy.map	8039966	2857594	1816.0	169.8387715930902
722	maps/sourceMaps/css/cs_italy.map	14003546	5471841	2188.2	2.208253358925144
723	maps/sourceMaps/css/cs_italy.map	11843698	10101048	2076.4	24.203084832904885
724	maps/sourceMaps/css/cs_italy.map	19268236	28685728	2615.0	1.0339130434782609
725	maps/sourceMaps/css/cs_italy.map	7646946	4360100	2377.6	147.45280437756497
726	maps/sourceMaps/css/cs_italy.map	11574023	20188476	2329.0	73.16539923954373
727	maps/sourceMaps/css/cs_italy.map	19364100	20618574	1220.4	1.0
728	maps/sourceMaps/css/cs_italy.map	12759473	11655453	2244.4	83.74035254883277
729	maps/sourceMaps/css/cs_italy.map	12584734	19953538	2178.0	141.2556312205343
730	maps/sourceMaps/css/cs_italy.map	5652830	448968	2662.4	19.86264501160093
731	maps/sourceMaps/css/cs_italy.map	14388685	10873544	1244.6	69.01214574898785
732	maps/sourceMaps/css/cs_italy.map	15378001	20610028	2415.4	48.5654296875
733	maps/sourceMaps/css/cs_italy.map	2434765	6467885	1834.0	3.2796668979875085
734	maps/sourceMaps/css/cs_italy.map	9924759	2667705	2279.6	181.39870340356563
735	maps/sourceMaps/css/cs_italy.map	20988800	9949744	2829.4	12.760756676557863
736	maps/sourceMaps/css/cs_italy.map	1059643	4464515	1517.8	100.58266452648475
737	maps/sourceMaps/css/cs_italy.map	16045522	19926043	2113.8	10.376923076923077
738	maps/sourceMaps/css/cs_italy.map	21747555	29500646	2147.8	1.0
739	maps/sourceMaps/css/cs_italy.map	4506471	10482237	1615.8	93.76438356164384
740	maps/sourceMaps/css/cs_italy.map	12316955	2741881	2887.6	4.215476699444207
741	maps/sourceMaps/css/cs_italy.map	28411162	18978518	2480.6	1.0
742	maps/sourceMaps/css/cs_italy.map	4209719	3715374	2873.0	1.0
743	maps/sourceMaps/css/cs_italy.map	27165464	19342218	2100.4	70.47043432757718
744	maps/sourceMaps/css/cs_italy.map	24188092	29132442	1398.2	1.0
745	maps/sourceMaps/css/cs_italy.map	19929970	17123019	1526.2	161.1499227202473
746	maps/sourceMaps/css/cs_italy.map	14057940	10503078	1143.2	164.4070796460177
747	maps/sourceMaps/css/cs_italy.map	21844886	16249791	1382.4	1.0
748	maps/sourceMaps/css/cs_italy.map	16007490	5219475	2973.6	1.0
749	maps/sourceMaps/css/cs_italy.map	10413246	2388745	2133.8	47.376020408163264
750	maps/sourceMaps/css/cs_italy.map	7529312	16216556	2269.8	1.169651272384543
751	maps/sourceMaps/css/cs_office.map	8634578	6943801	1255.8	1.0
752	maps/sourceMaps/css/cs_office.map	7051434	689209	1583.2	2.9168474331164136
753	maps/sourceMaps/css/cs_office.map	10163179	2989124	2062.0	115.46884100174724
754	maps/sourceMaps/css/cs_office.map	10214737	11285323	2239.2	15.989287377736376
755	maps/sourceMaps/css/cs_office.map	13983372	17703166	1512.6	128.8422159887798
756	maps/sourceMaps/css/cs_office.map	3457476	689381	1331.4	1.0
757	maps/sourceMaps/css/cs_office.map	7249265	2088929	1542.6	118.21870286576168
758	maps/sourceMaps/css/cs_office.map	10550378	4922988	2062.6	176.90888382687928
759	maps/sourceMaps/css/cs_office.map	10734582	5010273	2180.0	132.19371139809095
760	maps/sourceMaps/css/cs_office.map	7144408	9691204	1037.6	138.39570917759238
761	maps/sourceMaps/css/cs_office.map	13732201	18035661	1723.6	159.62419470293486
762	maps/sourceMaps/css/cs_office.map	12958552	2802157	2384.0	166.42048028998641
763	maps/sourceMaps/css/cs_office.map	7685761	13670634	1442.0	86.065334358186
764	maps/sourceMaps/css/cs_office.map	6884081	18071370	2602.4	1.0
765	maps/sourceMaps/css/cs_office.map	15257791	6519792	2055.2	5.384412848867825
766	maps/sourceMaps/css/cs_office.map	16860407	10770111	1673.2	167.440813362382
767	maps/sourceMaps/css/cs_office.map	7552739	12988538	2061.0	107.72303921568627
768	maps/sourceMaps/css/cs_office.map	10463905	15799542	2256.0	181.37088047220857
769	maps/sourceMaps/css/cs_office.map	5793336	7433167	1101.8	67.35892514395394
770	maps/sourceMaps/css/cs_office.map	14650608	9061112	1310.0	11.445267489711934
771	maps/sourceMaps/css/cs_office.map	12249133	12205902	2849.6	105.73058520426942
772	maps/sourceMaps/css/cs_office.map	17659516	16473857	2533.8	12.90296052631579
773	maps/sourceMaps/css/cs_office.map	5857548	14144178	2028.0	1.9411438089950028
774	maps/sourceMaps/css/cs_office.map	11562134	6046404	1262.2	1.1029654036243821
775	maps/sourceMaps/css/cs_office.map	5569515	8526148	1147.6	84.98789878987898
776	maps/sourceMaps/css/cs_office.map	3337664	394333	1630.6	4.181686046511628
777	maps/sourceMaps/css/cs_office.map	17723317	10255863	1790.0	141.5268022181146
778	maps/sourceMaps/css/cs_office.map	7565259	17302729	2194.2	106.87996219281663
779	maps/sourceMaps/css/cs_office.map	5835903	17741633	2842.0	142.41321994588327
780	maps/sourceMaps/css/cs_office.map	1831869	3777935	1595.2	17.222144358794676
781	maps/sourceMaps/css/cs_office.map	15866585	15316280	2370.2	77.23023897058823
782	maps/sourceMaps/css/cs_office.map	5030277	15808960	2645.4	21.564901793339025
783	maps/sourceMaps/css/cs_office.map	18671506	14714510	2503.6	36.78204534937529
784	maps/sourceMaps/css/cs_office.map	12406204	11119438	2456.8	73.21921286500212
785	maps/sourceMaps/css/cs_office.map	3074266	8856477	1421.2	14.028639618138424
786	maps/sourceMaps/css/cs_office.map	17005479	16151985	1849.6	139.28084868788386
787	maps/sourceMaps/css/cs_office.map	7171396	12187618	2881.2	44.072425499811395
788	maps/sourceMaps/css/cs_office.map	4906970	14569811	2481.0	16.77952380952381
789	maps/sourceMaps/css/cs_office.map	10475797	2454577	2272.6	44.22741433021807
790	maps/sourceMaps/css/cs_office.map	947114	2840234	1040.4	1.0
791	maps/sourceMaps/css/cs_office.map	5619386	3751334	1448.0	81.7179294823706
792	maps/sourceMaps/css/cs_office.map	12275321	7670967	1141.6	1.0
793	maps/sourceMaps/css/cs_office.map	5348758	4880178	1068.8	4.703595724003887
794	maps/sourceMaps/css/cs_office.map	13965268	10633589	2026.6	24.8008800880088
795	maps/sourceMaps/css/cs_office.map	7668897	7789703	1124.4	20.205802357207617
796	maps/sourceMaps/css/cs_office.map	1982278	14091164	2776.4	30.03914861269479
797	maps/sourceMaps/css/cs_office.map	4217930	14581005	2789.8	135.2787610619469
798	maps/sourceMaps/css/cs_office.map	7522252	2421413	1265.2	1.0
799	maps/sourceMaps/css/cs_office.map	12974789	8030230	1128.8	1.0
800	maps/sourceMaps/css/cs_office.map	6042003	11271761	1290.4	33.775725593667545
801	maps/sourceMaps/css/cs_office.map	12336974	6950839	1434.2	149.50160256410257
802	maps/sourceMaps/css/cs_office.map	3432659	10168674	1809.2	191.0544747081712
803	maps/sourceMaps/css/cs_office.map	7544752	16301055	2225.8	26.72554605887939
804	maps/sourceMaps/css/cs_office.map	3322391	10011749	1591.8	13.528364116094988
805	maps/sourceMaps/css/cs_office.map	15385104	3962914	2730.6	111.58017727639
806	maps/sourceMaps/css/cs_office.map	10900011	2051641	2187.4	139.86573146292585
807	maps/sourceMaps/css/cs_office.map	15055970	4904542	2439.4	13.963281958295557
808	maps/sourceMaps/css/cs_office.map	18491589	18623959	1261.2	29.028691983122364
809	maps/sourceMaps/css/cs_office.map	9983529	12594971	1290.8	133.792
810	maps/sourceMaps/css/cs_office.map	10917863	13411984	1463.8	6.100961538461538
811	maps/sourceMaps/css/cs_office.map	9961778	14911082	1931.6	158.27507163323781
812	maps/sourceMaps/css/cs_office.map	3286457	3267034	1013.4	14.445436507936508
813	maps/sourceMaps/css/cs_office.map	3387005	7894461	1280.0	78.50647109577221
814	maps/sourceMaps/css/cs_office.map	9554412	16643879	2050.8	24.60376249265138
815	maps/sourceMaps/css/cs_office.map	7462252	703250	1665.4	24.622940430925222
816	maps/sourceMaps/css/cs_office.map	13660684	6962345	1647.4	45.78365384615385
817	maps/sourceMaps/css/cs_office.map	9878201	4525453	2326.4	125.80440482433141
818	maps/sourceMaps/css/cs_office.map	2908554	8318650	1352.6	148.39652317880794
819	maps/sourceMaps/css/cs_office.map	7943606	14521572	1916.0	32.92745762711864
820	maps/sourceMaps/css/cs_office.map	5735912	7079423	1016.4	8.442508710801393
821	maps/sourceMaps/css/cs_office.map	17782313	8011665	2837.8	158.36883408071748
822	maps/sourceMaps/css/cs_office.map	4747897	7516391	1808.4	118.38864898210981
823	maps/sourceMaps/css/cs_office.map	2079394	6873171	1548.2	199.5924092409241
824	maps/sourceMaps/css/cs_office.map	9453575	11572846	2115.0	130.01800411522635
825	maps/sourceMaps/css/cs_office.map	10197148	5823763	1116.0	2.8769716088328074
826	maps/sourceMaps/css/cs_office.map	8719699	3627658	1115.2	5.248419150858175
827	maps/sourceMaps/css/cs_office.map	4840258	12436741	1696.8	1.0
828	maps/sourceMaps/css/cs_office.map	13039728	5903909	1702.4	54.97549967762734
829	maps/sourceMaps/css/cs_office.map	6308711	15382220	2361.0	1.0
830	maps/sourceMaps/css/cs_office.map	8457010	3180867	1162.4	1.0
831	maps/sourceMaps/css/cs_office.map	9271944	3457409	1389.8	2.4477848101265822
832	maps/sourceMaps/css/cs_office.map	5245357	14480245	2300.4	1.6591928251121075
833	maps/sourceMaps/css/cs_office.map	3663233	10600303	2263.0	179.22088353413653
834	maps/sourceMaps/css/cs_office.map	10849100	1471675	2554.6	138.40625
835	maps/sourceMaps/css/cs_office.map	8323277	2669704	1283.6	1.0
836	maps/sourceMaps/css/cs_office.map	13441827	2393319	2836.8	21.538942107455227
837	maps/sourceMaps/css/cs_office.map	7810042	12491707	1258.2	2.364440078585462
838	maps/sourceMaps/css/cs_office.map	5154606	10299527	2952.4	103.30126485243389
839	maps/sourceMaps/css/cs_office.map	12656696	16065494	2438.0	170.92370203160272
840	maps/sourceMaps/css/cs_office.map	16290001	17373752	1905.0	43.13134657836645
841	maps/sourceMaps/css/cs_office.map	7706802	7571991	1306.6	1.0
842	maps/sourceMaps/css/cs_office.map	15108932	3728341	2841.2	105.86494136676102
843	maps/sourceMaps/css/cs_office.map	3199340	1738293	1705.8	1.0
844	maps/sourceMaps/css/cs_office.map	8087625	7213886	1097.0	1.0
845	maps/sourceMaps/css/cs_office.map	11200359	12105251	2745.6	59.383954154727796
846	maps/sourceMaps/css/cs_office.map	11534349	5465949	1449.2	49.58529188779379
847	maps/sourceMaps/css/cs_office.map	10604773	6506309	1383.0	50.50990990990991
848	maps/sourceMaps/css/cs_office.map	18256733	7337222	2956.8	182.10417479516192
849	maps/sourceMaps/css/cs_office.map	14127802	9767059	1698.6	198.27727272727273
850	maps/sourceMaps/css/cs_office.map	7299430	9438537	1939.0	59.86716077537058
851	maps/sourceMaps/css/cs_office.map	6306290	1816538	1526.4	152.5403165033911
852	maps/sourceMaps/css/cs_office.map	9395817	3093575	1622.6	1.0
853	maps/sourceMaps/css/cs_office.map	15016260	18680322	1182.0	103.18769551616266
854	maps/sourceMaps/css/cs_office.map	1458984	12580876	2964.8	14.860984691766653
855	maps/sourceMaps/css/cs_office.map	16165373	9839070	1536.8	17.289454545454547
856	maps/sourceMaps/css/cs_office.map	16322234	6856772	2598.6	90.36312607944733
857	maps/sourceMaps/css/cs_office.map	18050808	18261493	1166.2	86.91363636363636
858	maps/sourceMaps/css/cs_office.map	6102923	4473951	1365.8	167.2274193548387
859	maps/sourceMaps/css/cs_office.map	17612999	12360165	1273.0	1.0
860	maps/sourceMaps/css/cs_office.map	5268178	10004854	1365.0	2.7475728155339807
861	maps/sourceMaps/css/cs_office.map	4770369	12707192	2369.2	142.3729529846804
862	maps/sourceMaps/css/cs_office.map	6989600	15234763	2031.4	22.424107142857142
863	maps/sourceMaps/css/cs_office.map	11333499	9318293	2056.4	188.13535462912833
864	maps/sourceMaps/css/cs_office.map	16631283	14869208	1479.8	123.15429403202329
865	maps/sourceMaps/css/cs_office.map	7964036	255874	2125.0	20.732435597189696
866	maps/sourceMaps/css/cs_office.map	149990	6604749	1421.6	1.0
867	maps/sourceMaps/css/cs_office.map	11088491	7392695	1658.4	182.74418604651163
868	maps/sourceMaps/css/cs_office.map	11032629	6644129	1358.0	52.837029893924786
869	maps/sourceMaps/css/cs_office.map	1526521	6362230	1929.0	2.9251655629139073
870	maps/sourceMaps/css/cs_office.map	4554961	10724999	1783.2	149.93289036544851
871	maps/sourceMaps/css/cs_office.map	9388360	5189812	1032.0	1.0
872	maps/sourceMaps/css/cs_office.map	4650495	6829130	1132.2	14.961864406779661
873	maps/sourceMaps/css/cs_office.map	716273	2209675	1835.6	1.0
874	maps/sourceMaps/css/cs_office.map	7215256	13306337	1327.4	1.0
875	maps/sourceMaps/css/cs_office.map	7135884	2724608	1215.6	3.5411887382690304
876	maps/sourceMaps/css/cs_office.map	6186689	12792759	1718.0	74.54757015742642
877	maps/sourceMaps/css/cs_office.map	10081045	11022244	2703.0	6.202517162471396
878	maps/sourceMaps/css/cs_office.map	9818581	4806043	1762.2	79.00071428571428
879	maps/sourceMaps/css/cs_office.map	15258795	17805457	1652.0	101.88504245591118
880	maps/sourceMaps/css/cs_office.map	13045988	16349902	2273.2	169.6910569105691
881	maps/sourceMaps/css/cs_office.map	16595843	18315330	2558.6	54.97759336099585
882	maps/sourceMaps/css/cs_office.map	11333378	5433816	2483.6	155.77680737506066
883	maps/sourceMaps/css/cs_office.map	12725770	7542058	1282.8	1.7941437444543034
884	maps/sourceMaps/css/cs_office.map	10552677	10269925	2744.8	75.16166110493141
885	maps/sourceMaps/css/cs_office.map	3313966	12263293	2286.8	12.006683804627249
886	maps/sourceMaps/css/cs_office.map	12641088	4492247	1956.0	50.52230378317335
887	maps/sourceMaps/css/cs_office.map	2843296	11133942	2532.4	195.23254779902177
888	maps/sourceMaps/css/cs_office.map	7947980	16358695	2144.2	7.733588621444201
889	maps/sourceMaps/css/cs_office.map	9132465	4757370	1956.4	191.9614730878187
890	maps/sourceMaps/css/cs_office.map	7386728	403079	2169.0	118.08254269449715
891	maps/sourceMaps/css/cs_office.map	8257084	10469937	1927.4	92.44318181818181
892	maps/sourceMaps/css/cs_office.map	9794821	14144045	1934.0	6.302504816955684
893	maps/sourceMaps/css/cs_office.map	7350254	11418355	2207.8	189.57922912205566
894	maps/sourceMaps/css/cs_office.map	591810	5469048	2025.6	1.627573300062383
895	maps/sourceMaps/css/cs_office.map	15492583	9734162	1866.4	89.81598388179987
896	maps/sourceMaps/css/cs_office.map	2295738	5376653	1106.6	2.1940476190476192
897	maps/sourceMaps/css/cs_office.map	10941813	1784830	2155.0	79.82914572864321
898	maps/sourceMaps/css/cs_office.map	18748536	18004639	2102.2	116.67059426229508
899	maps/sourceMaps/css/cs_office.map	1254777	9062041	2689.4	188.058799675588
900	maps/sourceMaps/css/cs_office.map	17827729	16941039	1959.2	27.909187466808284
901	maps/sourceMaps/css/cs_office.map	16416082	8414122	1842.0	81.05807935595169
902	maps/sourceMaps/css/cs_office.map	14698755	7341298	1752.8	57.69543464665416
903	maps/sourceMaps/css/cs_office.map	10202761	7496934	1560.2	11.226998491704373
904	maps/sourceMaps/css/cs_office.map	6047756	2099957	2865.6	168.52289259734704
905	maps/sourceMaps/css/cs_office.map	7400050	10739370	1843.2	197.80219111381618
906	maps/sourceMaps/css/cs_office.map	11112519	3613453	2033.2	100.91834247410115
907	maps/sourceMaps/css/cs_office.map	13313383	11580086	2522.2	168.7681660899654
908	maps/sourceMaps/css/cs_office.map	528072	4928932	1181.6	13.38662486938349
909	maps/sourceMaps/css/cs_office.map	2723799	1076831	1407.2	27.33596837944664
910	maps/sourceMaps/css/cs_office.map	1895113	2821887	1450.4	12.343544857768052
911	maps/sourceMaps/css/cs_office.map	5881930	6948113	2258.0	73.82443102647468
912	maps/sourceMaps/css/cs_office.map	17961354	8242546	2491.0	175.80492424242425
913	maps/sourceMaps/css/cs_office.map	13063428	8766747	1583.4	130.620607028754
914	maps/sourceMaps/css/cs_office.map	12063957	4826522	1657.2	57.39160839160839
915	maps/sourceMaps/css/cs_office.map	3230097	12383352	2236.4	101.91314895681708
916	maps/sourceMaps/css/cs_office.map	7212192	16567938	2319.2	104.0820219360992
917	maps/sourceMaps/css/cs_office.map	10056500	18154181	2061.0	1.0
918	maps/sourceMaps/css/cs_office.map	10131292	4628193	2023.8	113.5736160188457
919	maps/sourceMaps/css/cs_office.map	10896716	5201469	1355.0	96.74251968503937
920	maps/sourceMaps/css/cs_office.map	10329093	9609837	1094.4	29.107454017424974
921	maps/sourceMaps/css/cs_office.map	12414799	12560836	2541.2	192.85014774166314
922	maps/sourceMaps/css/cs_office.map	12428536	4035674	2390.6	41.85129118432769
923	maps/sourceMaps/css/cs_office.map	9735458	2583450	2848.0	142.7271963009668
924	maps/sourceMaps/css/cs_office.map	6851334	12670832	1280.8	1.0
925	maps/sourceMaps/css/cs_office.map	5068536	721874	1138.4	1.0
926	maps/sourceMaps/css/cs_office.map	13547313	9049485	1407.8	88.50990099009901
927	maps/sourceMaps/css/cs_office.map	5361721	7620463	2227.0	159.31761904761905
928	maps/sourceMaps/css/cs_office.map	12334673	15929895	1107.8	93.75806451612904
929	maps/sourceMaps/css/cs_office.map	10264705	12597699	1472.2	7.435857805255023
930	maps/sourceMaps/css/cs_office.map	13698165	8485635	1452.8	1.1262135922330097
931	maps/sourceMaps/css/cs_office.map	12528772	2712624	2300.0	92.36568213783404
932	maps/sourceMaps/css/cs_office.map	5035637	12234514	2692.0	164.49269588313413
933	maps/sourceMaps/css/cs_office.map	10457125	10520319	1274.0	7.979414093428345
934	maps/sourceMaps/css/cs_office.map	7944955	3087991	1210.2	109.90719696969697
935	maps/sourceMaps/css/cs_office.map	3733364	8158022	1046.6	10.764033264033264
936	maps/sourceMaps/css/cs_office.map	1116696	1380125	1023.8	1.0
937	maps/sourceMaps/css/cs_office.map	13919263	9017838	2423.6	149.7981651376147
938	maps/sourceMaps/css/cs_office.map	16579864	7247583	2096.8	25.868924889543447
939	maps/sourceMaps/css/cs_office.map	5295735	7921249	1462.0	1.736842105263158
940	maps/sourceMaps/css/cs_office.map	17951374	15862072	1095.6	13.766120218579236
941	maps/sourceMaps/css/cs_office.map	13179582	537547	2965.6	24.634874408445576
942	maps/sourceMaps/css/cs_office.map	6151710	14701305	2371.2	48.86773455377574
943	maps/sourceMaps/css/cs_office.map	7724671	1504810	1492.0	34.267767408470924
944	maps/sourceMaps/css/cs_office.map	7798881	8603141	1544.4	106.06592643997224
945	maps/sourceMaps/css/cs_office.map	12662148	10324271	1158.2	1.0
946	maps/sourceMaps/css/cs_office.map	8116315	947013	1913.2	93.74952198852772
947	maps/sourceMaps/css/cs_office.map	7622485	10891842	1022.2	155.5034090909091
948	maps/sourceMaps/css/cs_office.map	17647508	5779243	2916.8	50.70104691740985
949	maps/sourceMaps/css/cs_office.map	10810743	8044707	1278.0	167.8046082949309
950	maps/sourceMaps/css/cs_office.map	8378913	10841188	1097.6	35.67001114827202
951	maps/sourceMaps/css/cs_office.map	9123899	16968893	2119.0	101.16470009832841
952	maps/sourceMaps/css/cs_office.map	6728490	4755370	2775.4	169.28666666666666
953	maps/sourceMaps/css/cs_office.map	2272725	10748600	2036.0	119.718633208756
954	maps/sourceMaps/css/cs_office.map	3216297	10099640	1879.4	199.79647435897436
955	maps/sourceMaps/css/cs_office.map	14432201	16875500	1637.4	1.0
956	maps/sourceMaps/css/cs_office.map	13629788	6020848	2553.2	177.2245743212149
957	maps/sourceMaps/css/cs_office.map	11593091	7348810	1164.8	1.0
958	maps/sourceMaps/css/cs_office.map	16455591	16306029	2428.0	67.77393504850274
959	maps/sourceMaps/css/cs_office.map	12275152	4775467	1721.4	39.96748466257669
960	maps/sourceMaps/css/cs_office.map	10996030	1416444	2773.4	145.42064846416383
961	maps/sourceMaps/css/cs_office.map	7751952	2430378	1416.0	12.192739844425237
962	maps/sourceMaps/css/cs_office.map	7869702	15096967	1976.0	11.890515595162316
963	maps/sourceMaps/css/cs_office.map	1957757	11832553	2468.2	178.2143522833178
964	maps/sourceMaps/css/cs_office.map	9126773	9986403	1424.0	64.78460399703923
965	maps/sourceMaps/css/cs_office.map	7368980	4967664	2778.0	115.60919984538074
966	maps/sourceMaps/css/cs_office.map	16064506	15154598	1917.6	136.16435313714604
967	maps/sourceMaps/css/cs_office.map	8587628	12721976	1043.6	70.88565264293419
968	maps/sourceMaps/css/cs_office.map	14851179	17464845	1633.2	12.053304904051172
969	maps/sourceMaps/css/cs_office.map	3078020	3655398	1928.0	1.059073975518893
970	maps/sourceMaps/css/cs_office.map	7861015	8605575	1352.8	13.504266873545385
971	maps/sourceMaps/css/cs_office.map	10173133	6956130	1635.2	135.2532423208191
972	maps/sourceMaps/css/cs_office.map	14643809	16668524	1229.0	150.32504780114724
973	maps/sourceMaps/css/cs_office.map	10275486	1127713	2137.0	2.6398390342052314
974	maps/sourceMaps/css/cs_office.map	11402859	459066	2790.6	176.27821939586644
975	maps/sourceMaps/css/cs_office.map	17424640	15764793	2564.8	193.26655697243933
976	maps/sourceMaps/css/cs_office.map	1195074	1671032	1787.2	1.0
977	maps/sourceMaps/css/cs_office.map	16257559	12215997	1435.4	189.35703363914374
978	maps/sourceMaps/css/cs_office.map	1650916	7405898	1258.0	4.621103117505995
979	maps/sourceMaps/css/cs_office.map	14591406	15096588	1307.4	1.1435331230283912
980	maps/sourceMaps/css/cs_office.map	10720618	3938997	1523.0	16.14179104477612
981	maps/sourceMaps/css/cs_office.map	15219443	6619085	2016.0	126.95880149812734
982	maps/sourceMaps/css/cs_office.map	6393049	9247839	1210.0	188.17410323709535
983	maps/sourceMaps/css/cs_office.map	8476677	18458139	2172.0	1.0
984	maps/sourceMaps/css/cs_office.map	8283175	11080199	2638.8	23.455986649979142
985	maps/sourceMaps/css/cs_office.map	7677535	767932	2062.2	89.07853107344633
986	maps/sourceMaps/css/cs_office.map	13683296	18206205	2210.4	19.28323385784048
987	maps/sourceMaps/css/cs_office.map	7392542	9639923	1074.4	156.51002865329514
988	maps/sourceMaps/css/cs_office.map	15240566	7362651	1899.4	4.591121495327103
989	maps/sourceMaps/css/cs_office.map	8516881	8750458	1406.6	136.807003257329
990	maps/sourceMaps/css/cs_office.map	3161255	7671557	2334.0	169.49606299212599
991	maps/sourceMaps/css/cs_office.map	3711525	11833801	2092.0	30.68101983002833
992	maps/sourceMaps/css/cs_office.map	7865492	5458356	1148.2	159.95197740112994
993	maps/sourceMaps/css/cs_office.map	14798225	18349025	1854.8	96.07302353651177
994	maps/sourceMaps/css/cs_office.map	11763689	12492490	1432.2	35.22919708029197
995	maps/sourceMaps/css/cs_office.map	6712286	541953	1729.2	2.192393736017897
996	maps/sourceMaps/css/cs_office.map	15545918	15797388	1944.4	126.39819514946419
997	maps/sourceMaps/css/cs_office.map	11144719	18165607	1609.8	1.0
998	maps/sourceMaps/css/cs_office.map	13785630	10306085	1428.8	36.53753235547886
999	maps/sourceMaps/css/cs_office.map	9265794	3731957	1272.2	1.7164179104477613
1000	maps/sourceMaps/css/cs_office.map	4890994	13679655	2059.0	33.47853403141361
