1000
1	maps/sourceMaps/css/de_cbble.map	13509972	2974996	2774.4	80.77924601632336
2	maps/sourceMaps/css/de_cbble.map	17572885	7111625	2584.4	3.8015655577299414
3	maps/sourceMaps/css/de_cbble.map	2516511	4635446	1536.8	78.14974054855449
4	maps/sourceMaps/css/de_cbble.map	7800856	12602674	1927.2	103.61563100576554
5	maps/sourceMaps/css/de_cbble.map	2114431	2448004	1829.4	1.0
6	maps/sourceMaps/css/de_cbble.map	1718244	7435119	1852.4	1.0
7	maps/sourceMaps/css/de_cbble.map	2729917	7189479	1604.2	32.6306027820711
8	maps/sourceMaps/css/de_cbble.map	7633109	7463991	1453.4	107.89563106796116
9	maps/sourceMaps/css/de_cbble.map	11423989	1906029	2815.0	39.05116079105761
10	maps/sourceMaps/css/de_cbble.map	11232481	1582921	2738.4	36.55918540517607
11	maps/sourceMaps/css/de_cbble.map	3304110	1884961	2071.4	1.0
12	maps/sourceMaps/css/de_cbble.map	2528340	363146	1801.6	29.42237586423633
13	maps/sourceMaps/css/de_cbble.map	14488029	12498766	1587.4	29.209469153515066
14	maps/sourceMaps/css/de_cbble.map	1861442	7676741	1828.4	1.0
15	maps/sourceMaps/css/de_cbble.map	9486519	6558868	1437.0	143.17777777777778
16	maps/sourceMaps/css/de_cbble.map	11325547	3342980	2164.4	86.26191696565864
17	maps/sourceMaps/css/de_cbble.map	13227505	15085472	2673.8	66.43508064516129
18	maps/sourceMaps/css/de_cbble.map	10416349	3912332	1761.8	70.1062893081761
19	maps/sourceMaps/css/de_cbble.map	5782319	1713657	1930.4	144.29814037192563
20	maps/sourceMaps/css/de_cbble.map	5363609	2045449	1422.0	149.65948632974317
21	maps/sourceMaps/css/de_cbble.map	13928047	15950878	1228.6	193.36287313432837
22	maps/sourceMaps/css/de_cbble.map	4937618	12604388	2449.8	142.50634057971016
23	maps/sourceMaps/css/de_cbble.map	2750370	8987548	2044.2	22.43493552168816
24	maps/sourceMaps/css/de_cbble.map	13388111	14893618	2027.4	146.11964873765092
25	maps/sourceMaps/css/de_cbble.map	7604236	12823780	1915.8	102.9459815546772
26	maps/sourceMaps/css/de_cbble.map	3150537	592664	2377.0	33.006109022556394
27	maps/sourceMaps/css/de_cbble.map	11467700	8026231	1328.2	180.8475499092559
28	maps/sourceMaps/css/de_cbble.map	13275825	12852187	2427.6	89.35918193438432
29	maps/sourceMaps/css/de_cbble.map	11834349	6886368	1213.2	1.0
30	maps/sourceMaps/css/de_cbble.map	4612940	14758749	2573.4	103.15859564164649
31	maps/sourceMaps/css/de_cbble.map	8185901	5337650	2022.6	45.80296610169491
32	maps/sourceMaps/css/de_cbble.map	2286687	4131700	1993.0	64.22822491730982
33	maps/sourceMaps/css/de_cbble.map	5043940	2721996	1429.6	165.87568412822517
34	maps/sourceMaps/css/de_cbble.map	6886121	1018279	2299.2	1.7319050376375218
35	maps/sourceMaps/css/de_cbble.map	16220934	5109017	2925.4	64.60206337509211
36	maps/sourceMaps/css/de_cbble.map	13797556	12513960	1689.8	59.496782496782494
37	maps/sourceMaps/css/de_cbble.map	6231907	12563032	2330.0	113.94229804315103
38	maps/sourceMaps/css/de_cbble.map	2352214	166498	1761.6	32.786959328599096
39	maps/sourceMaps/css/de_cbble.map	8233203	2132327	2909.2	56.0628381190179
40	maps/sourceMaps/css/de_cbble.map	4786675	592195	1094.4	10.324878048780487
41	maps/sourceMaps/css/de_cbble.map	14360006	11492018	1068.0	1.0
42	maps/sourceMaps/css/de_cbble.map	17122286	12301200	1214.6	1.0
43	maps/sourceMaps/css/de_cbble.map	11842263	8581387	1247.2	184.62488967343336
44	maps/sourceMaps/css/de_cbble.map	2509070	7678988	1615.2	11.043251304996272
45	maps/sourceMaps/css/de_cbble.map	5644806	9819150	1227.0	1.0
46	maps/sourceMaps/css/de_cbble.map	10300312	13936621	1355.4	189.97696737044146
47	maps/sourceMaps/css/de_cbble.map	616147	6854043	1829.4	19.7118320610687
48	maps/sourceMaps/css/de_cbble.map	14300591	11660110	1697.0	15.04513888888889
49	maps/sourceMaps/css/de_cbble.map	15709393	10585201	1335.8	37.00079872204473
50	maps/sourceMaps/css/de_cbble.map	13163442	12292533	2680.2	122.55746677091477
51	maps/sourceMaps/css/de_cbble.map	11981511	12916873	1625.2	177.23322033898305
52	maps/sourceMaps/css/de_cbble.map	994067	4725846	1040.2	1.0
53	maps/sourceMaps/css/de_cbble.map	14001711	13565008	1665.4	64.01528662420382
54	maps/sourceMaps/css/de_cbble.map	10253438	2597817	1949.6	1.596903363587827
55	maps/sourceMaps/css/de_cbble.map	13410086	14096639	1642.2	58.763959390862944
56	maps/sourceMaps/css/de_cbble.map	6230731	2337015	1960.4	1.0
57	maps/sourceMaps/css/de_cbble.map	13347112	13487524	1161.6	1.0
58	maps/sourceMaps/css/de_cbble.map	11011205	6076433	1979.8	140.07270693512305
59	maps/sourceMaps/css/de_cbble.map	5219612	14156781	2303.2	1.0
60	maps/sourceMaps/css/de_cbble.map	12486339	13468075	1400.0	51.18544061302682
61	maps/sourceMaps/css/de_cbble.map	11987359	12468914	2028.2	107.66595059076262
62	maps/sourceMaps/css/de_cbble.map	6551097	16495132	2984.8	47.7668549905838
63	maps/sourceMaps/css/de_cbble.map	10140468	13514248	1734.0	160.64427690198767
64	maps/sourceMaps/css/de_cbble.map	13906973	5652960	2244.2	106.38839285714286
65	maps/sourceMaps/css/de_cbble.map	5473369	15012770	2402.2	17.554077253218885
66	maps/sourceMaps/css/de_cbble.map	568240	5731375	2441.6	199.22473063109288
67	maps/sourceMaps/css/de_cbble.map	2451058	1207258	1505.6	9.457039711191335
68	maps/sourceMaps/css/de_cbble.map	1043541	3986616	2236.6	12.766666666666667
69	maps/sourceMaps/css/de_cbble.map	7203088	5939954	1739.4	35.732587064676615
70	maps/sourceMaps/css/de_cbble.map	13000405	12474736	1432.2	1.0
71	maps/sourceMaps/css/de_cbble.map	4260851	6035583	1365.6	162.0050718512257
72	maps/sourceMaps/css/de_cbble.map	7598978	12349926	1427.4	156.4034090909091
73	maps/sourceMaps/css/de_cbble.map	14079451	6439728	2138.2	36.958735262593784
74	maps/sourceMaps/css/de_cbble.map	4145827	2755564	2513.0	4.017241379310345
75	maps/sourceMaps/css/de_cbble.map	15086544	11500161	2216.8	153.23226484498161
76	maps/sourceMaps/css/de_cbble.map	14006529	13734560	1786.6	110.25520195838433
77	maps/sourceMaps/css/de_cbble.map	13327086	13612445	1396.2	42.83186490455213
78	maps/sourceMaps/css/de_cbble.map	857957	6608255	1634.4	9.634163701067616
79	maps/sourceMaps/css/de_cbble.map	6301235	1975840	1147.6	71.91485335856197
80	maps/sourceMaps/css/de_cbble.map	1864639	1423880	1652.2	12.090683229813665
81	maps/sourceMaps/css/de_cbble.map	7456880	12663398	1552.8	151.1816192560175
82	maps/sourceMaps/css/de_cbble.map	5609425	11912207	2166.2	162.34259259259258
83	maps/sourceMaps/css/de_cbble.map	689917	4879374	1487.6	69.06642402183803
84	maps/sourceMaps/css/de_cbble.map	2429780	1763966	1899.2	1.0
85	maps/sourceMaps/css/de_cbble.map	12894714	7664674	1497.8	1.0
86	maps/sourceMaps/css/de_cbble.map	14982947	11582513	1131.6	1.0
87	maps/sourceMaps/css/de_cbble.map	2299519	5278506	1614.2	138.77021276595744
88	maps/sourceMaps/css/de_cbble.map	9487202	4322045	1302.2	16.887480190174326
89	maps/sourceMaps/css/de_cbble.map	12719776	11311828	1280.0	47.31476323119777
90	maps/sourceMaps/css/de_cbble.map	14078807	7291683	1772.2	165.33232810615198
91	maps/sourceMaps/css/de_cbble.map	14185448	2376517	2948.2	48.07871012482663
92	maps/sourceMaps/css/de_cbble.map	6153255	1840675	1256.2	1.0265654648956357
93	maps/sourceMaps/css/de_cbble.map	13301880	10804557	1481.0	1.494345718901454
94	maps/sourceMaps/css/de_cbble.map	12115319	13600527	1785.2	47.892138939670936
95	maps/sourceMaps/css/de_cbble.map	5854742	1784267	1749.0	187.40361445783134
96	maps/sourceMaps/css/de_cbble.map	9322763	12977371	1683.8	70.02165087956698
97	maps/sourceMaps/css/de_cbble.map	13883386	15240681	1880.8	189.4605032182563
98	maps/sourceMaps/css/de_cbble.map	11004728	7010403	1431.6	196.4672064777328
99	maps/sourceMaps/css/de_cbble.map	2724736	4938778	2418.8	94.48433953699501
100	maps/sourceMaps/css/de_cbble.map	1923724	7359541	1497.0	1.0
101	maps/sourceMaps/css/de_cbble.map	13195783	10509673	1128.4	1.0
102	maps/sourceMaps/css/de_cbble.map	7703082	3838888	2275.4	89.65601703940362
103	maps/sourceMaps/css/de_cbble.map	7641713	7619527	2142.2	154.7014192139738
104	maps/sourceMaps/css/de_cbble.map	17056423	11882939	1357.4	67.38449367088607
105	maps/sourceMaps/css/de_cbble.map	1340198	12977306	2989.8	44.95320197044335
106	maps/sourceMaps/css/de_cbble.map	3384695	7783545	1175.6	1.1376744186046512
107	maps/sourceMaps/css/de_cbble.map	7370862	2046603	1662.8	121.11132686084143
108	maps/sourceMaps/css/de_cbble.map	6406764	17113822	2853.8	119.86221374045802
109	maps/sourceMaps/css/de_cbble.map	6030137	12951993	1962.0	192.19278533412182
110	maps/sourceMaps/css/de_cbble.map	5035691	5127183	1953.8	181.10473815461347
111	maps/sourceMaps/css/de_cbble.map	6399352	15974849	2723.2	41.35066041755432
112	maps/sourceMaps/css/de_cbble.map	4584747	1288391	1249.0	79.52903225806452
113	maps/sourceMaps/css/de_cbble.map	15003581	9406492	2499.4	10.20675537359263
114	maps/sourceMaps/css/de_cbble.map	1636548	2233539	1083.4	1.0
115	maps/sourceMaps/css/de_cbble.map	7166215	2792413	1443.0	55.00495867768595
116	maps/sourceMaps/css/de_cbble.map	10711854	5391034	1482.2	172.64076923076922
117	maps/sourceMaps/css/de_cbble.map	2517610	7068009	1254.0	140.48091603053436
118	maps/sourceMaps/css/de_cbble.map	13505978	13429132	1012.8	52.556690500510726
119	maps/sourceMaps/css/de_cbble.map	16688104	9991009	1689.0	1.0
120	maps/sourceMaps/css/de_cbble.map	6333813	572394	2515.8	192.01485608170844
121	maps/sourceMaps/css/de_cbble.map	13923544	12327488	1656.8	103.58493060145406
122	maps/sourceMaps/css/de_cbble.map	9462595	13804779	1261.4	10.048473967684021
123	maps/sourceMaps/css/de_cbble.map	12723322	13106385	2221.8	51.44475655430712
124	maps/sourceMaps/css/de_cbble.map	6695224	7472191	1587.4	127.92101341281669
125	maps/sourceMaps/css/de_cbble.map	12368728	13071820	1544.8	164.5756509500352
126	maps/sourceMaps/css/de_cbble.map	13087796	2725652	2844.8	180.17504873294348
127	maps/sourceMaps/css/de_cbble.map	12646053	14482897	2020.8	38.24823081110506
128	maps/sourceMaps/css/de_cbble.map	6251687	12657653	1635.2	1.0
129	maps/sourceMaps/css/de_cbble.map	2168999	6874487	1656.0	92.49758787043419
130	maps/sourceMaps/css/de_cbble.map	11875478	5527172	1854.2	93.30461922596754
131	maps/sourceMaps/css/de_cbble.map	10362162	12405206	1059.6	1.0
132	maps/sourceMaps/css/de_cbble.map	5940561	13120162	2027.8	44.43044469783352
133	maps/sourceMaps/css/de_cbble.map	3458260	12665657	2412.4	69.03379279679858
134	maps/sourceMaps/css/de_cbble.map	12510721	6071419	2061.2	96.37204414083027
135	maps/sourceMaps/css/de_cbble.map	12994621	14799649	1524.4	160.8968678380443
136	maps/sourceMaps/css/de_cbble.map	10691433	3319306	2069.2	21.543586896168794
137	maps/sourceMaps/css/de_cbble.map	1669042	4657875	1539.0	1.0
138	maps/sourceMaps/css/de_cbble.map	436707	6763248	2407.8	16.92714126807564
139	maps/sourceMaps/css/de_cbble.map	8165331	1387091	2034.0	153.14454594304138
140	maps/sourceMaps/css/de_cbble.map	13641720	5698637	2666.4	159.46015218261914
141	maps/sourceMaps/css/de_cbble.map	5023693	11304211	2472.0	198.9006833712984
142	maps/sourceMaps/css/de_cbble.map	14999262	13818297	1450.6	114.02276176024279
143	maps/sourceMaps/css/de_cbble.map	12241172	13282506	1051.6	1.0
144	maps/sourceMaps/css/de_cbble.map	1042807	6648614	2164.6	1.0
145	maps/sourceMaps/css/de_cbble.map	4956718	15455445	2834.6	66.12636505460219
146	maps/sourceMaps/css/de_cbble.map	5478091	14861044	2750.2	86.62447960033306
147	maps/sourceMaps/css/de_cbble.map	2722723	4571833	2462.8	54.220762155059134
148	maps/sourceMaps/css/de_cbble.map	6955574	12985354	1853.8	69.41941176470588
149	maps/sourceMaps/css/de_cbble.map	10569936	12668210	1326.8	12.924309884238646
150	maps/sourceMaps/css/de_cbble.map	5822590	13590220	2900.8	127.51659156083572
151	maps/sourceMaps/css/de_cbble.map	5097339	1141884	2697.0	167.25242290748898
152	maps/sourceMaps/css/de_cbble.map	15897671	5571072	2754.2	165.97620935765266
153	maps/sourceMaps/css/de_cbble.map	1479546	1329679	1704.6	23.615658362989326
154	maps/sourceMaps/css/de_cbble.map	10322182	16950210	1944.4	6.390364422483014
155	maps/sourceMaps/css/de_cbble.map	10721893	12797834	1084.4	188.31686358754027
156	maps/sourceMaps/css/de_cbble.map	1889463	449333	1802.8	31.378232110643417
157	maps/sourceMaps/css/de_cbble.map	5027737	13036140	2303.6	177.98102189781022
158	maps/sourceMaps/css/de_cbble.map	8562837	11144461	1548.4	67.0614724803431
159	maps/sourceMaps/css/de_cbble.map	11168600	12600732	1677.6	149.42205582028592
160	maps/sourceMaps/css/de_cbble.map	1295167	863165	2257.2	36.47448275862069
161	maps/sourceMaps/css/de_cbble.map	1279109	2193541	1113.2	1.0
162	maps/sourceMaps/css/de_cbble.map	8874118	13442319	1655.0	36.589371980676326
163	maps/sourceMaps/css/de_cbble.map	4899855	11699060	1722.0	59.29741119807345
164	maps/sourceMaps/css/de_cbble.map	4962928	5280286	2775.8	166.79421352893235
165	maps/sourceMaps/css/de_cbble.map	13235861	5161742	2512.8	82.87725472943247
166	maps/sourceMaps/css/de_cbble.map	6286143	1680485	2467.0	184.39516864175022
167	maps/sourceMaps/css/de_cbble.map	4000795	4199002	2749.4	139.7902321857486
168	maps/sourceMaps/css/de_cbble.map	14946944	6120592	2366.2	37.580705009276436
169	maps/sourceMaps/css/de_cbble.map	11408402	3887907	1931.6	27.215024496461623
170	maps/sourceMaps/css/de_cbble.map	12974322	12895288	1277.6	77.77704376548307
171	maps/sourceMaps/css/de_cbble.map	12050575	13019462	2419.0	197.30779569892474
172	maps/sourceMaps/css/de_cbble.map	7480129	15049373	2025.6	52.739859383450515
173	maps/sourceMaps/css/de_cbble.map	7947306	13730963	1454.0	14.840056617126681
174	maps/sourceMaps/css/de_cbble.map	1431204	4897439	1513.4	179.4296875
175	maps/sourceMaps/css/de_cbble.map	11088647	1791174	2448.8	86.70189343901365
176	maps/sourceMaps/css/de_cbble.map	3818862	3418849	1553.4	66.5272206303725
177	maps/sourceMaps/css/de_cbble.map	7358634	14360112	2462.6	93.86806282722513
178	maps/sourceMaps/css/de_cbble.map	1977145	1762665	1508.8	1.0
179	maps/sourceMaps/css/de_cbble.map	13579624	5867069	2250.0	197.4632768361582
180	maps/sourceMaps/css/de_cbble.map	13727208	14663134	2214.8	95.82000980872976
181	maps/sourceMaps/css/de_cbble.map	6228054	1680404	1742.2	119.18011126564673
182	maps/sourceMaps/css/de_cbble.map	9943385	5280411	2477.6	133.4570013507429
183	maps/sourceMaps/css/de_cbble.map	5740448	13552847	2497.2	132.5520677628301
184	maps/sourceMaps/css/de_cbble.map	5497312	6051892	1688.4	127.19247378161629
185	maps/sourceMaps/css/de_cbble.map	694657	6603404	2390.0	11.901362397820163
186	maps/sourceMaps/css/de_cbble.map	3994963	96811	1638.2	150.31259842519685
187	maps/sourceMaps/css/de_cbble.map	1067846	3441381	2377.0	29.318266542404473
188	maps/sourceMaps/css/de_cbble.map	784078	3975659	1237.6	154.31391905231985
189	maps/sourceMaps/css/de_cbble.map	6857861	12026780	1355.2	20.86381631037213
190	maps/sourceMaps/css/de_cbble.map	2855921	1833702	1881.0	1.0
191	maps/sourceMaps/css/de_cbble.map	6826264	2088092	1641.2	39.14212454212454
192	maps/sourceMaps/css/de_cbble.map	8712507	13402739	1358.6	40.19458987783595
193	maps/sourceMaps/css/de_cbble.map	10263328	4302041	2506.6	180.36913696060037
194	maps/sourceMaps/css/de_cbble.map	8540310	2426598	2356.0	73.3498652291105
195	maps/sourceMaps/css/de_cbble.map	3830916	12550871	2310.2	112.01724137931035
196	maps/sourceMaps/css/de_cbble.map	13747883	11876856	1043.4	102.03784403669725
197	maps/sourceMaps/css/de_cbble.map	5891228	16548634	2756.4	42.990395697272376
198	maps/sourceMaps/css/de_cbble.map	6650166	13311103	2201.8	196.837775202781
199	maps/sourceMaps/css/de_cbble.map	2558874	1185330	1518.0	33.90902527075812
200	maps/sourceMaps/css/de_cbble.map	3085955	1461275	1590.8	1.2658757850662945
201	maps/sourceMaps/css/de_chateau.map	5532163	11301975	2184.2	180.34313725490196
202	maps/sourceMaps/css/de_chateau.map	2902354	9148619	1651.0	143.29357798165137
203	maps/sourceMaps/css/de_chateau.map	9955595	1378822	2196.8	99.8038186157518
204	maps/sourceMaps/css/de_chateau.map	2893715	9747056	1966.2	24.55794504181601
205	maps/sourceMaps/css/de_chateau.map	6278817	6511304	1024.6	64.63995943204868
206	maps/sourceMaps/css/de_chateau.map	6372852	6707230	1565.2	104.39598662207358
207	maps/sourceMaps/css/de_chateau.map	7731519	7061157	1447.6	7.506869125090383
208	maps/sourceMaps/css/de_chateau.map	4561339	8058756	1148.4	14.88939566704675
209	maps/sourceMaps/css/de_chateau.map	7800863	10393825	1161.8	92.08592321755027
210	maps/sourceMaps/css/de_chateau.map	7386211	1968470	2109.0	166.1304347826087
211	maps/sourceMaps/css/de_chateau.map	10951690	1743433	2727.0	162.82631160572336
212	maps/sourceMaps/css/de_chateau.map	3086966	9079246	1571.0	175.23907103825135
213	maps/sourceMaps/css/de_chateau.map	6808585	3606456	1575.8	182.79925373134327
214	maps/sourceMaps/css/de_chateau.map	9065876	5241359	1559.0	58.46287128712871
215	maps/sourceMaps/css/de_chateau.map	5938175	3562023	1287.0	136.54529914529914
216	maps/sourceMaps/css/de_chateau.map	13957787	11107819	1457.0	126.90642857142858
217	maps/sourceMaps/css/de_chateau.map	7931083	4491737	1708.0	178.22315789473683
218	maps/sourceMaps/css/de_chateau.map	10623612	10442983	1058.6	156.60780287474333
219	maps/sourceMaps/css/de_chateau.map	9984521	2156842	2068.2	156.50679916317992
220	maps/sourceMaps/css/de_chateau.map	11025881	3618896	2724.6	150.5923913043478
221	maps/sourceMaps/css/de_chateau.map	9996862	14830213	1613.6	190.2989090909091
222	maps/sourceMaps/css/de_chateau.map	9730327	3062320	1740.4	25.05831798649478
223	maps/sourceMaps/css/de_chateau.map	13060214	13739141	1075.4	4.138613861386139
224	maps/sourceMaps/css/de_chateau.map	4896617	6233739	2071.6	141.84455391351943
225	maps/sourceMaps/css/de_chateau.map	13497543	11718295	2759.4	183.10705789056306
226	maps/sourceMaps/css/de_chateau.map	8846161	13395995	1543.2	180.65800162469537
227	maps/sourceMaps/css/de_chateau.map	8005606	11608748	1736.8	119.62244177840508
228	maps/sourceMaps/css/de_chateau.map	7036063	6260404	1590.6	79.0712401055409
229	maps/sourceMaps/css/de_chateau.map	10917537	11911739	1519.2	110.55994043186895
230	maps/sourceMaps/css/de_chateau.map	5215825	2251352	1320.6	1.062984496124031
231	maps/sourceMaps/css/de_chateau.map	1411789	5397234	1097.4	35.20328542094456
232	maps/sourceMaps/css/de_chateau.map	12944103	13609706	2231.2	179.40975840833727
233	maps/sourceMaps/css/de_chateau.map	11296538	13731806	2090.0	12.5979492714517
234	maps/sourceMaps/css/de_chateau.map	10586105	13579660	1267.4	77.62788778877888
235	maps/sourceMaps/css/de_chateau.map	9759377	1112737	2314.2	104.2907196969697
236	maps/sourceMaps/css/de_chateau.map	2263382	9496934	1875.6	97.48047538200339
237	maps/sourceMaps/css/de_chateau.map	6949771	2439479	1475.0	97.20331325301204
238	maps/sourceMaps/css/de_chateau.map	7170559	10605455	2025.0	155.15133876600697
239	maps/sourceMaps/css/de_chateau.map	9231382	16992565	2202.4	46.41679707876891
240	maps/sourceMaps/css/de_chateau.map	8751145	6885132	1971.4	49.713077790304396
241	maps/sourceMaps/css/de_chateau.map	1153481	5752295	1520.6	2.0898576512455516
242	maps/sourceMaps/css/de_chateau.map	13721805	10334862	1190.0	99.84807864164432
243	maps/sourceMaps/css/de_chateau.map	10101619	6092754	1594.8	118.83002382843527
244	maps/sourceMaps/css/de_chateau.map	8067387	903727	1846.6	1.0
245	maps/sourceMaps/css/de_chateau.map	10504381	747751	2494.8	109.69030633655056
246	maps/sourceMaps/css/de_chateau.map	9214453	9862921	1363.2	28.154496541122214
247	maps/sourceMaps/css/de_chateau.map	6976840	12949026	1545.2	4.256339958875943
248	maps/sourceMaps/css/de_chateau.map	11987334	15673500	1114.4	168.34406215316315
249	maps/sourceMaps/css/de_chateau.map	3164519	11780965	2725.2	67.00047281323877
250	maps/sourceMaps/css/de_chateau.map	5536466	190846	1441.0	1.0
251	maps/sourceMaps/css/de_chateau.map	10402042	17549749	1974.0	148.80495867768596
252	maps/sourceMaps/css/de_chateau.map	13076062	12259875	1169.8	94.48266423357664
253	maps/sourceMaps/css/de_chateau.map	1698475	6158638	1241.4	77.15504587155964
254	maps/sourceMaps/css/de_chateau.map	9032633	11225011	1232.0	24.364082433758586
255	maps/sourceMaps/css/de_chateau.map	6360182	2914583	1639.6	165.24118866620594
256	maps/sourceMaps/css/de_chateau.map	10206419	4691649	2272.4	199.45390835579514
257	maps/sourceMaps/css/de_chateau.map	13797458	9237151	2077.6	184.72612921669526
258	maps/sourceMaps/css/de_chateau.map	3521263	11453528	2850.2	185.8731790916881
259	maps/sourceMaps/css/de_chateau.map	8131359	13374262	1359.0	91.0679012345679
260	maps/sourceMaps/css/de_chateau.map	11740084	7885380	1088.2	4.015923566878981
261	maps/sourceMaps/css/de_chateau.map	5630673	11224069	2677.6	160.65510688836105
262	maps/sourceMaps/css/de_chateau.map	11187590	5061194	2152.0	182.6595385481148
263	maps/sourceMaps/css/de_chateau.map	1812825	6633673	1234.6	19.16553480475382
264	maps/sourceMaps/css/de_chateau.map	11937119	2533927	2791.6	155.20069354139576
265	maps/sourceMaps/css/de_chateau.map	9542242	7054475	1851.2	167.60890207715133
266	maps/sourceMaps/css/de_chateau.map	11794468	11932514	1606.0	65.94969408565602
267	maps/sourceMaps/css/de_chateau.map	8006485	10910073	1410.4	125.00075815011373
268	maps/sourceMaps/css/de_chateau.map	5159089	9758850	1242.6	127.05871886120997
269	maps/sourceMaps/css/de_chateau.map	11844258	8838920	1516.2	152.52950310559007
270	maps/sourceMaps/css/de_chateau.map	2423020	11106470	2241.6	134.7807637906648
271	maps/sourceMaps/css/de_chateau.map	8690397	9891462	1054.2	26.013859275053306
272	maps/sourceMaps/css/de_chateau.map	7837702	8360660	1505.0	180.64792899408283
273	maps/sourceMaps/css/de_chateau.map	10242074	157583	2739.2	75.97969955339018
274	maps/sourceMaps/css/de_chateau.map	13530926	12948296	1054.8	1.0
275	maps/sourceMaps/css/de_chateau.map	6831484	5244292	2201.2	78.47231749142577
276	maps/sourceMaps/css/de_chateau.map	3672490	7580903	1537.6	192.34545454545454
277	maps/sourceMaps/css/de_chateau.map	10518101	8300981	1563.2	157.88096935138987
278	maps/sourceMaps/css/de_chateau.map	9230952	16243258	2057.4	199.46969696969697
279	maps/sourceMaps/css/de_chateau.map	13295935	13228148	1851.8	1.0
280	maps/sourceMaps/css/de_chateau.map	10922595	12952960	1585.0	118.21488178025035
281	maps/sourceMaps/css/de_chateau.map	9745007	6383814	1964.0	104.39756838905775
282	maps/sourceMaps/css/de_chateau.map	7833626	10499282	1225.2	61.897044804575785
283	maps/sourceMaps/css/de_chateau.map	9350450	9189606	1115.6	1.0
284	maps/sourceMaps/css/de_chateau.map	7252339	6503973	1275.2	20.16209476309227
285	maps/sourceMaps/css/de_chateau.map	9299672	2881861	2008.4	155.37492202121024
286	maps/sourceMaps/css/de_chateau.map	6605857	2869798	1433.2	144.54989075018207
287	maps/sourceMaps/css/de_chateau.map	12858421	6448722	1781.4	27.17241379310345
288	maps/sourceMaps/css/de_chateau.map	12364133	17627430	1498.8	85.80442804428044
289	maps/sourceMaps/css/de_chateau.map	7778042	9135208	2954.8	143.50905060953085
290	maps/sourceMaps/css/de_chateau.map	15493175	10746845	1617.8	144.08602150537635
291	maps/sourceMaps/css/de_chateau.map	13232400	8042929	1378.6	51.46608832807571
292	maps/sourceMaps/css/de_chateau.map	11003015	1448427	2891.0	140.20264505119454
293	maps/sourceMaps/css/de_chateau.map	4651252	11977699	2318.0	78.98837852794688
294	maps/sourceMaps/css/de_chateau.map	6051149	297674	2147.6	86.8715763846622
295	maps/sourceMaps/css/de_chateau.map	8903436	2120310	2050.8	83.34477379095163
296	maps/sourceMaps/css/de_chateau.map	6868559	8942886	2547.8	100.70843989769821
297	maps/sourceMaps/css/de_chateau.map	9055598	16128492	2203.8	118.13981288981289
298	maps/sourceMaps/css/de_chateau.map	12629776	7457884	2974.4	185.63031214742384
299	maps/sourceMaps/css/de_chateau.map	12110120	5786534	1891.4	176.05730478589422
300	maps/sourceMaps/css/de_chateau.map	8684130	13472767	1334.2	1.3
301	maps/sourceMaps/css/de_chateau.map	4614737	854143	1104.4	5.150163220892274
302	maps/sourceMaps/css/de_chateau.map	6715201	2706093	1350.6	21.393787575150302
303	maps/sourceMaps/css/de_chateau.map	8985797	5650578	1656.2	111.1750998668442
304	maps/sourceMaps/css/de_chateau.map	12936506	13785857	1628.2	157.96698113207546
305	maps/sourceMaps/css/de_chateau.map	7204152	7174244	1238.8	1.0
306	maps/sourceMaps/css/de_chateau.map	6363432	8080584	1095.6	5.440258342303552
307	maps/sourceMaps/css/de_chateau.map	8754771	7154243	1345.2	82.09658617818485
308	maps/sourceMaps/css/de_chateau.map	6552545	989319	1999.4	105.52884615384616
309	maps/sourceMaps/css/de_chateau.map	6433436	804851	1821.8	31.776705276705275
310	maps/sourceMaps/css/de_chateau.map	7789418	10433570	2311.4	181.7825651302605
311	maps/sourceMaps/css/de_chateau.map	9775293	12792814	1936.2	179.07072368421052
312	maps/sourceMaps/css/de_chateau.map	6200868	7206759	1823.4	1.250289687137891
313	maps/sourceMaps/css/de_chateau.map	12273662	7883064	1197.6	9.102516309412861
314	maps/sourceMaps/css/de_chateau.map	8079660	7462295	1229.8	43.25530035335689
315	maps/sourceMaps/css/de_chateau.map	2042202	9820404	2011.8	128.18736842105264
316	maps/sourceMaps/css/de_chateau.map	2714262	7842161	1369.2	35.9952114924182
317	maps/sourceMaps/css/de_chateau.map	13949384	12817265	2079.6	107.8874305906108
318	maps/sourceMaps/css/de_chateau.map	6470071	6258247	1257.6	60.25748502994012
319	maps/sourceMaps/css/de_chateau.map	9042016	6073232	1130.0	77.71645274212369
320	maps/sourceMaps/css/de_chateau.map	10883972	7220480	2827.4	145.13450760608487
321	maps/sourceMaps/css/de_chateau.map	11532371	13145116	1398.0	50.18458117123795
322	maps/sourceMaps/css/de_chateau.map	6527221	10303540	1045.6	62.76164680390033
323	maps/sourceMaps/css/de_chateau.map	13615208	7702037	2365.4	188.02634194831015
324	maps/sourceMaps/css/de_chateau.map	7953122	1066891	2122.0	165.05175388154112
325	maps/sourceMaps/css/de_chateau.map	498211	7620542	1984.2	49.355172413793106
326	maps/sourceMaps/css/de_chateau.map	10164504	6405116	1363.4	198.19520547945206
327	maps/sourceMaps/css/de_chateau.map	8736252	10844478	1420.0	22.265020576131686
328	maps/sourceMaps/css/de_chateau.map	6740373	7185184	1696.6	1.0
329	maps/sourceMaps/css/de_chateau.map	5138145	8197609	1116.6	145.85585585585585
330	maps/sourceMaps/css/de_chateau.map	12879716	12141557	1659.0	127.45869565217392
331	maps/sourceMaps/css/de_chateau.map	1706528	8758721	2175.6	177.70398153491055
332	maps/sourceMaps/css/de_chateau.map	7768316	7590565	1780.6	50.53567318757192
333	maps/sourceMaps/css/de_chateau.map	6272662	9553007	1076.6	159.4261744966443
334	maps/sourceMaps/css/de_chateau.map	13457110	7598865	2006.8	87.58776443682105
335	maps/sourceMaps/css/de_chateau.map	5774716	10137510	1286.6	12.26923076923077
336	maps/sourceMaps/css/de_chateau.map	2706202	4450190	1402.6	36.77292899408284
337	maps/sourceMaps/css/de_chateau.map	10873632	6048148	1685.0	183.97916666666666
338	maps/sourceMaps/css/de_chateau.map	5155339	4290136	1083.6	6.888888888888889
339	maps/sourceMaps/css/de_chateau.map	3381946	9705756	1710.8	13.725921137685843
340	maps/sourceMaps/css/de_chateau.map	10398729	12117085	2326.4	198.0834597875569
341	maps/sourceMaps/css/de_chateau.map	9190161	1075443	2359.2	123.72331653687586
342	maps/sourceMaps/css/de_chateau.map	15190028	12724632	1032.4	171.17292377701935
343	maps/sourceMaps/css/de_chateau.map	6764449	1960514	1540.0	12.767389678384443
344	maps/sourceMaps/css/de_chateau.map	11040976	3090930	2067.4	153.0221421215242
345	maps/sourceMaps/css/de_chateau.map	11323234	6589691	2816.8	165.83193277310923
346	maps/sourceMaps/css/de_chateau.map	3885184	8771089	1461.0	136.25747508305648
347	maps/sourceMaps/css/de_chateau.map	11054910	11749503	1855.8	151.99247685185185
348	maps/sourceMaps/css/de_chateau.map	13444818	10240667	1415.8	74.60446428571429
349	maps/sourceMaps/css/de_chateau.map	7650989	7230477	2770.4	12.943770672546858
350	maps/sourceMaps/css/de_chateau.map	1043138	5547504	1674.0	1.0
351	maps/sourceMaps/css/de_chateau.map	7661903	1689737	1537.2	28.483893077450308
352	maps/sourceMaps/css/de_chateau.map	6425806	4978010	2126.8	81.51492928234678
353	maps/sourceMaps/css/de_chateau.map	895746	9352624	2848.2	155.7156783103168
354	maps/sourceMaps/css/de_chateau.map	8612246	1477031	1828.0	112.00401606425703
355	maps/sourceMaps/css/de_chateau.map	9742721	567626	2355.6	119.88174921909862
356	maps/sourceMaps/css/de_chateau.map	12899678	14117521	1632.0	193.68803139306738
357	maps/sourceMaps/css/de_chateau.map	1641098	12752974	2941.8	83.50552689756816
358	maps/sourceMaps/css/de_chateau.map	9065000	6878419	1010.0	122.64375715922108
359	maps/sourceMaps/css/de_chateau.map	9998092	17062467	2703.4	196.3952755905512
360	maps/sourceMaps/css/de_chateau.map	13477321	11005210	2114.6	1.944503735325507
361	maps/sourceMaps/css/de_chateau.map	6369050	7710094	2577.0	61.10171568627451
362	maps/sourceMaps/css/de_chateau.map	7935113	10634929	1249.2	94.15799432355723
363	maps/sourceMaps/css/de_chateau.map	3713319	7698171	1201.4	100.92784552845528
364	maps/sourceMaps/css/de_chateau.map	9739052	10731281	1179.8	177.415770609319
365	maps/sourceMaps/css/de_chateau.map	9279408	9208742	1040.8	1.0
366	maps/sourceMaps/css/de_chateau.map	11288353	8952547	1384.8	145.4746887966805
367	maps/sourceMaps/css/de_chateau.map	8745803	7072791	2467.2	9.281702501096973
368	maps/sourceMaps/css/de_chateau.map	9371610	7776549	1908.0	173.22678671918965
369	maps/sourceMaps/css/de_chateau.map	1480330	10357287	2537.0	17.954335793357934
370	maps/sourceMaps/css/de_chateau.map	11192095	6925356	2518.2	170.57345132743362
371	maps/sourceMaps/css/de_chateau.map	2430773	9480811	2049.8	22.545296167247386
372	maps/sourceMaps/css/de_chateau.map	12751825	8746447	1186.8	171.97771023302937
373	maps/sourceMaps/css/de_chateau.map	16054435	9239701	2082.4	177.29188869153344
374	maps/sourceMaps/css/de_chateau.map	4916835	8135832	1151.6	167.70114942528735
375	maps/sourceMaps/css/de_chateau.map	12502934	6855718	2886.6	150.93045843045843
376	maps/sourceMaps/css/de_chateau.map	7525008	13365450	1861.0	190.7599557522124
377	maps/sourceMaps/css/de_chateau.map	10147067	6163951	2799.8	110.4507328990228
378	maps/sourceMaps/css/de_chateau.map	11197049	15673531	1271.4	22.5036563071298
379	maps/sourceMaps/css/de_chateau.map	6564533	6849887	1409.8	14.76671511627907
380	maps/sourceMaps/css/de_chateau.map	9342352	11139684	1059.0	187.41201716738198
381	maps/sourceMaps/css/de_chateau.map	15391100	11741425	1116.8	189.8283038501561
382	maps/sourceMaps/css/de_chateau.map	10972122	15280312	1457.4	38.753768844221106
383	maps/sourceMaps/css/de_chateau.map	4241073	7058272	1506.6	192.01033973412112
384	maps/sourceMaps/css/de_chateau.map	5979131	1952170	1722.0	146.81719050673507
385	maps/sourceMaps/css/de_chateau.map	5727814	3529083	1067.6	185.10742857142858
386	maps/sourceMaps/css/de_chateau.map	6515776	231475	2316.6	117.8984375
387	maps/sourceMaps/css/de_chateau.map	9995754	7274288	2892.6	173.4846715328467
388	maps/sourceMaps/css/de_chateau.map	9645661	15043031	2128.6	181.78292939936776
389	maps/sourceMaps/css/de_chateau.map	4716486	411829	1146.6	1.0
390	maps/sourceMaps/css/de_chateau.map	4707945	2734633	1152.8	1.0
391	maps/sourceMaps/css/de_chateau.map	9381102	4983332	1796.0	153.5183585313175
392	maps/sourceMaps/css/de_chateau.map	13624903	13634181	1312.6	188.32597623089984
393	maps/sourceMaps/css/de_chateau.map	10925250	4430196	2121.4	161.44576877234803
394	maps/sourceMaps/css/de_chateau.map	10972172	4704403	2045.8	136.47274749721913
395	maps/sourceMaps/css/de_chateau.map	8739935	7733116	1035.0	114.9695945945946
396	maps/sourceMaps/css/de_chateau.map	14322439	11449241	2323.8	196.99852362204723
397	maps/sourceMaps/css/de_chateau.map	10742868	13722433	2614.2	48.947934595524956
398	maps/sourceMaps/css/de_chateau.map	3328557	4367957	1085.6	1.0
399	maps/sourceMaps/css/de_chateau.map	9124607	424509	2450.6	48.68459552495697
400	maps/sourceMaps/css/de_chateau.map	5973991	2177557	1150.2	1.0
401	maps/sourceMaps/css/de_dust2.map	4305353	8040600	1034.0	1.9518072289156627
402	maps/sourceMaps/css/de_dust2.map	12136841	5296444	1795.2	124.30640335128666
403	maps/sourceMaps/css/de_dust2.map	4133409	10928810	1905.8	131.72710843373494
404	maps/sourceMaps/css/de_dust2.map	3708899	3101031	1750.2	189.86233611442194
405	maps/sourceMaps/css/de_dust2.map	5682888	4845167	2091.4	44.035714285714285
406	maps/sourceMaps/css/de_dust2.map	7197878	13771101	2021.6	73.44707923655292
407	maps/sourceMaps/css/de_dust2.map	15403241	11749225	1223.8	73.39179755671903
408	maps/sourceMaps/css/de_dust2.map	8327493	1901351	1795.2	190.26641651031895
409	maps/sourceMaps/css/de_dust2.map	13591248	2543842	2894.6	46.31578947368421
410	maps/sourceMaps/css/de_dust2.map	3829190	7031316	1495.8	176.78092399403874
411	maps/sourceMaps/css/de_dust2.map	12718856	7872978	1307.0	10.088682432432432
412	maps/sourceMaps/css/de_dust2.map	4139574	2999518	1479.2	37.257852447041635
413	maps/sourceMaps/css/de_dust2.map	2042669	7810752	1781.2	146.7325826882477
414	maps/sourceMaps/css/de_dust2.map	12649022	8033032	1207.8	58.17109929078014
415	maps/sourceMaps/css/de_dust2.map	16266459	14494177	1459.2	2.1266511266511268
416	maps/sourceMaps/css/de_dust2.map	3152498	4440914	1950.0	28.389589041095892
417	maps/sourceMaps/css/de_dust2.map	8488664	2414031	1589.8	21.57075471698113
418	maps/sourceMaps/css/de_dust2.map	12958490	9330243	1509.8	148.04761904761904
419	maps/sourceMaps/css/de_dust2.map	10050477	2309702	2199.2	75.27559857361182
420	maps/sourceMaps/css/de_dust2.map	10251690	3768005	1696.2	1.0
421	maps/sourceMaps/css/de_dust2.map	5442108	8319632	2340.0	58.8111163447951
422	maps/sourceMaps/css/de_dust2.map	12082018	3738987	2395.0	188.7303317535545
423	maps/sourceMaps/css/de_dust2.map	10874713	2759753	2294.6	28.426841574167508
424	maps/sourceMaps/css/de_dust2.map	556288	4004180	1423.8	20.4822934232715
425	maps/sourceMaps/css/de_dust2.map	8185677	2854012	1976.2	113.71854734111544
426	maps/sourceMaps/css/de_dust2.map	8160235	10835886	1713.6	138.6213779781069
427	maps/sourceMaps/css/de_dust2.map	9432077	11814631	1820.2	141.09656398104266
428	maps/sourceMaps/css/de_dust2.map	9792326	1887841	2383.0	98.07931354359926
429	maps/sourceMaps/css/de_dust2.map	2630658	8143058	1758.2	173.74026845637584
430	maps/sourceMaps/css/de_dust2.map	8876801	7370974	1648.2	1.0
431	maps/sourceMaps/css/de_dust2.map	7277134	13605696	2301.8	99.48413510747186
432	maps/sourceMaps/css/de_dust2.map	5285479	6410431	1934.0	152.96315486470928
433	maps/sourceMaps/css/de_dust2.map	15557100	15931078	1304.8	91.52855993563958
434	maps/sourceMaps/css/de_dust2.map	11517284	3968860	2044.6	5.154013015184382
435	maps/sourceMaps/css/de_dust2.map	5679008	4423346	2042.4	7.176052765093861
436	maps/sourceMaps/css/de_dust2.map	14981567	6727959	2248.6	168.2157738095238
437	maps/sourceMaps/css/de_dust2.map	10198654	470440	2460.6	27.843855218855218
438	maps/sourceMaps/css/de_dust2.map	6900165	4097982	1190.8	162.29081177520072
439	maps/sourceMaps/css/de_dust2.map	14170455	9931669	1295.2	100.9871205151794
440	maps/sourceMaps/css/de_dust2.map	11716880	7108997	1397.4	123.11021069692059
441	maps/sourceMaps/css/de_dust2.map	6920782	12745566	2282.6	166.2429435483871
442	maps/sourceMaps/css/de_dust2.map	3788986	3781861	1074.2	12.402621722846442
443	maps/sourceMaps/css/de_dust2.map	15327737	8438067	1808.0	189.2375366568915
444	maps/sourceMaps/css/de_dust2.map	7922519	3097193	1755.0	142.9463601532567
445	maps/sourceMaps/css/de_dust2.map	12649297	16714347	2479.4	78.24147217235189
446	maps/sourceMaps/css/de_dust2.map	3549764	4030828	2311.2	5.997350993377483
447	maps/sourceMaps/css/de_dust2.map	15276408	13734251	2365.8	120.56013579049467
448	maps/sourceMaps/css/de_dust2.map	11545399	4245246	2686.6	169.82306411323896
449	maps/sourceMaps/css/de_dust2.map	15906393	11587922	1834.0	33.41384083044983
450	maps/sourceMaps/css/de_dust2.map	14944697	9120667	1614.8	16.25017568517217
451	maps/sourceMaps/css/de_dust2.map	2947371	5087337	2562.6	55.556109725685786
452	maps/sourceMaps/css/de_dust2.map	11589435	12843828	1139.4	1.3241650294695482
453	maps/sourceMaps/css/de_dust2.map	8574745	8814613	2148.0	54.52344931921331
454	maps/sourceMaps/css/de_dust2.map	5658216	17073889	2869.8	60.51578192252511
455	maps/sourceMaps/css/de_dust2.map	7044600	1612481	1664.2	26.994783904619972
456	maps/sourceMaps/css/de_dust2.map	4562019	4347779	1268.8	1.0
457	maps/sourceMaps/css/de_dust2.map	10653857	3649767	2093.0	31.430555555555557
458	maps/sourceMaps/css/de_dust2.map	11191253	7451046	1222.4	133.90356798457088
459	maps/sourceMaps/css/de_dust2.map	11088060	6613452	2837.0	113.37489812550938
460	maps/sourceMaps/css/de_dust2.map	11921213	16535925	2428.8	136.48420597144093
461	maps/sourceMaps/css/de_dust2.map	8782913	13377848	1655.4	30.299866131191433
462	maps/sourceMaps/css/de_dust2.map	8145868	2039513	2237.0	48.618471953578336
463	maps/sourceMaps/css/de_dust2.map	8177539	1588679	2382.6	138.90819672131147
464	maps/sourceMaps/css/de_dust2.map	10856167	15841275	1327.4	17.02791461412151
465	maps/sourceMaps/css/de_dust2.map	4980171	3565135	2089.4	50.65890688259109
466	maps/sourceMaps/css/de_dust2.map	11155299	5146457	1475.0	15.634877384196185
467	maps/sourceMaps/css/de_dust2.map	11703143	3101221	2424.0	197.90337934316992
468	maps/sourceMaps/css/de_dust2.map	4487808	2167017	2681.4	122.14332247557003
469	maps/sourceMaps/css/de_dust2.map	9063545	3988757	1533.4	108.18338323353294
470	maps/sourceMaps/css/de_dust2.map	5434032	2625949	2601.8	109.48756432246998
471	maps/sourceMaps/css/de_dust2.map	3100364	4048089	2639.8	1.0
472	maps/sourceMaps/css/de_dust2.map	16810154	16828394	1857.6	1.0
473	maps/sourceMaps/css/de_dust2.map	12507869	3088169	2784.0	143.3126843657817
474	maps/sourceMaps/css/de_dust2.map	16648085	6006398	2721.8	159.01031321619556
475	maps/sourceMaps/css/de_dust2.map	12386988	17172283	1819.0	133.8272357723577
476	maps/sourceMaps/css/de_dust2.map	11936433	1204668	2829.2	163.44219763449064
477	maps/sourceMaps/css/de_dust2.map	11034574	5513113	1480.6	106.60714285714286
478	maps/sourceMaps/css/de_dust2.map	2816842	4788713	2593.8	52.32389675270608
479	maps/sourceMaps/css/de_dust2.map	15600096	9538348	1613.6	172.75016880486157
480	maps/sourceMaps/css/de_dust2.map	3056120	9703987	1805.8	174.08682266009853
481	maps/sourceMaps/css/de_dust2.map	10817473	896436	2632.0	19.330994634750308
482	maps/sourceMaps/css/de_dust2.map	12606216	9670182	1368.8	143.2258064516129
483	maps/sourceMaps/css/de_dust2.map	6654224	8523934	2344.8	32.333333333333336
484	maps/sourceMaps/css/de_dust2.map	11949985	12614469	1000.0	1.1393354769560557
485	maps/sourceMaps/css/de_dust2.map	16900321	16389752	1481.0	1.0
486	maps/sourceMaps/css/de_dust2.map	12475261	5105268	2551.6	183.224145785877
487	maps/sourceMaps/css/de_dust2.map	7091486	10715402	1477.8	165.6477079796265
488	maps/sourceMaps/css/de_dust2.map	11144372	4152873	1856.2	1.0
489	maps/sourceMaps/css/de_dust2.map	4891383	8947675	2210.0	173.42556390977444
490	maps/sourceMaps/css/de_dust2.map	11190686	3015223	2213.2	154.35953930896343
491	maps/sourceMaps/css/de_dust2.map	11223775	16543917	1523.8	1.0
492	maps/sourceMaps/css/de_dust2.map	10667886	3679936	1775.6	28.991798476859987
493	maps/sourceMaps/css/de_dust2.map	3005882	9920226	1806.4	1.0
494	maps/sourceMaps/css/de_dust2.map	7684321	16499335	2320.8	7.454249883882954
495	maps/sourceMaps/css/de_dust2.map	11185024	16103351	1663.6	165.54483798040692
496	maps/sourceMaps/css/de_dust2.map	10648980	908609	2484.0	69.64985287936108
497	maps/sourceMaps/css/de_dust2.map	4167527	5808840	1454.4	190.88166544923303
498	maps/sourceMaps/css/de_dust2.map	4125479	14733705	2992.0	151.33577981651376
499	maps/sourceMaps/css/de_dust2.map	10440241	2010190	2251.2	60.452161243322
500	maps/sourceMaps/css/de_dust2.map	16140384	17158386	2001.6	10.832369942196532
501	maps/sourceMaps/css/de_dust2.map	5225148	8660668	1409.4	53.91606498194946
502	maps/sourceMaps/css/de_dust2.map	15247496	15316100	1220.2	181.05027422303473
503	maps/sourceMaps/css/de_dust2.map	8718173	16157217	2099.2	1.7072096862960924
504	maps/sourceMaps/css/de_dust2.map	9910241	3129027	2770.6	175.8017094017094
505	maps/sourceMaps/css/de_dust2.map	10880715	3741264	1795.4	26.12270642201835
506	maps/sourceMaps/css/de_dust2.map	2303414	7100394	1396.6	58.83703071672355
507	maps/sourceMaps/css/de_dust2.map	7088369	2722717	1391.8	24.542461005199307
508	maps/sourceMaps/css/de_dust2.map	12319665	9314080	1555.2	84.77877325982081
509	maps/sourceMaps/css/de_dust2.map	8161020	4611678	2364.6	198.7533396946565
510	maps/sourceMaps/css/de_dust2.map	5947588	10805710	1322.8	138.38331929233362
511	maps/sourceMaps/css/de_dust2.map	4273244	3562206	1735.6	44.710857828434314
512	maps/sourceMaps/css/de_dust2.map	4507641	2199967	1851.2	133.21511985248924
513	maps/sourceMaps/css/de_dust2.map	10182417	1654467	2113.2	1.0
514	maps/sourceMaps/css/de_dust2.map	3516134	12564903	2491.0	38.72579185520362
515	maps/sourceMaps/css/de_dust2.map	12421600	9649821	1680.8	188.88643737832575
516	maps/sourceMaps/css/de_dust2.map	12059295	17035595	1351.0	11.464638157894736
517	maps/sourceMaps/css/de_dust2.map	11284336	4456271	1701.8	30.915467625899282
518	maps/sourceMaps/css/de_dust2.map	2639572	5271352	2424.6	30.893217231897342
519	maps/sourceMaps/css/de_dust2.map	10580327	1658996	2419.8	15.53584229390681
520	maps/sourceMaps/css/de_dust2.map	3718950	2280206	1188.4	1.0
521	maps/sourceMaps/css/de_dust2.map	8087477	3279346	1500.2	154.93628185907048
522	maps/sourceMaps/css/de_dust2.map	2013798	11818437	2893.2	159.62987279441936
523	maps/sourceMaps/css/de_dust2.map	4312021	2609427	2920.0	136.7557168784029
524	maps/sourceMaps/css/de_dust2.map	1825538	5597011	1349.2	102.26911618669315
525	maps/sourceMaps/css/de_dust2.map	16107882	16879851	2250.6	1.0
526	maps/sourceMaps/css/de_dust2.map	16198212	11508220	1173.8	1.0
527	maps/sourceMaps/css/de_dust2.map	7508238	13132331	1487.0	1.0
528	maps/sourceMaps/css/de_dust2.map	5050943	12755736	2260.6	72.43482587064676
529	maps/sourceMaps/css/de_dust2.map	10690262	2932348	1930.0	1.0
530	maps/sourceMaps/css/de_dust2.map	15221438	16451873	1755.0	1.0
531	maps/sourceMaps/css/de_dust2.map	7812174	3408307	1897.6	173.43926309729417
532	maps/sourceMaps/css/de_dust2.map	5511762	14633604	2690.6	108.24757709251101
533	maps/sourceMaps/css/de_dust2.map	8715656	15317429	2101.6	180.2169014084507
534	maps/sourceMaps/css/de_dust2.map	12232273	6719007	1458.8	77.62435040831477
535	maps/sourceMaps/css/de_dust2.map	16295936	14811720	1608.8	40.138566552901025
536	maps/sourceMaps/css/de_dust2.map	12196359	7104258	1605.6	56.53413353338335
537	maps/sourceMaps/css/de_dust2.map	14746278	10756912	1029.2	26.823589743589743
538	maps/sourceMaps/css/de_dust2.map	16747020	8440656	2158.4	133.13849186791523
539	maps/sourceMaps/css/de_dust2.map	6836447	1905167	1325.6	1.0
540	maps/sourceMaps/css/de_dust2.map	8885022	4927958	1286.2	168.92655367231637
541	maps/sourceMaps/css/de_dust2.map	11852374	4765387	2244.0	54.371659102370145
542	maps/sourceMaps/css/de_dust2.map	3877700	11722143	2482.4	194.5609859753506
543	maps/sourceMaps/css/de_dust2.map	1305880	9362696	2145.4	186.03658536585365
544	maps/sourceMaps/css/de_dust2.map	9197615	3931325	1969.0	178.99332524271844
545	maps/sourceMaps/css/de_dust2.map	12194468	7132754	1947.0	186.57381776239907
546	maps/sourceMaps/css/de_dust2.map	16533454	14179038	1014.0	1.0
547	maps/sourceMaps/css/de_dust2.map	7276805	2158128	1946.0	119.70372792674951
548	maps/sourceMaps/css/de_dust2.map	12475330	4023832	2921.4	184.56368670886076
549	maps/sourceMaps/css/de_dust2.map	2651579	4248118	1084.0	9.183738120380148
550	maps/sourceMaps/css/de_dust2.map	12115226	13298237	1760.8	196.54834523036988
551	maps/sourceMaps/css/de_dust2.map	8227648	12987115	1196.8	42.47205503009458
552	maps/sourceMaps/css/de_dust2.map	10870618	1887031	2616.6	25.479945305378305
553	maps/sourceMaps/css/de_dust2.map	12891885	12483380	1266.8	33.59278803869833
554	maps/sourceMaps/css/de_dust2.map	642449	9944545	2314.2	55.585827464788736
555	maps/sourceMaps/css/de_dust2.map	10548020	3752542	2056.8	176.31928049465992
556	maps/sourceMaps/css/de_dust2.map	11258620	8355234	1041.0	49.49629629629629
557	maps/sourceMaps/css/de_dust2.map	11769569	17044675	1667.0	111.1051930758988
558	maps/sourceMaps/css/de_dust2.map	4648044	10796304	1942.4	64.05024576734026
559	maps/sourceMaps/css/de_dust2.map	6391522	3207750	1707.0	111.02402597402597
560	maps/sourceMaps/css/de_dust2.map	6851263	638460	1848.6	1.0
561	maps/sourceMaps/css/de_dust2.map	16098276	15002016	1575.2	19.170183798502382
562	maps/sourceMaps/css/de_dust2.map	15745855	8282645	1941.2	7.500274273176084
563	maps/sourceMaps/css/de_dust2.map	10584785	7386842	1689.8	90.73588709677419
564	maps/sourceMaps/css/de_dust2.map	3949660	6435017	1213.0	166.40376984126985
565	maps/sourceMaps/css/de_dust2.map	12835548	15840727	1649.4	97.83119658119658
566	maps/sourceMaps/css/de_dust2.map	10967776	16152681	1557.6	9.926598263614839
567	maps/sourceMaps/css/de_dust2.map	1903491	10219102	2322.4	1.0
568	maps/sourceMaps/css/de_dust2.map	13025889	16966891	1222.0	1.0
569	maps/sourceMaps/css/de_dust2.map	8112085	1719528	2153.2	82.61675579322637
570	maps/sourceMaps/css/de_dust2.map	5026028	13152460	2208.0	147.02972292191436
571	maps/sourceMaps/css/de_dust2.map	7546409	11245092	1150.8	38.8887859128823
572	maps/sourceMaps/css/de_dust2.map	6133383	12390777	2464.4	182.01736274049742
573	maps/sourceMaps/css/de_dust2.map	15366063	10062619	1833.2	131.57489123679304
574	maps/sourceMaps/css/de_dust2.map	7312897	12162730	1368.0	31.089352196574833
575	maps/sourceMaps/css/de_dust2.map	10098544	3214093	2076.2	152.22331786542924
576	maps/sourceMaps/css/de_dust2.map	4727236	4035982	1037.6	4.641606591143152
577	maps/sourceMaps/css/de_dust2.map	13347610	9927912	1199.4	188.96384479717813
578	maps/sourceMaps/css/de_dust2.map	8652831	11623344	1568.2	178.64420289855073
579	maps/sourceMaps/css/de_dust2.map	10770418	2358162	2450.4	91.79399141630901
580	maps/sourceMaps/css/de_dust2.map	15034168	14460084	1149.4	192.71209213051824
581	maps/sourceMaps/css/de_dust2.map	5238342	9240050	1010.6	1.0
582	maps/sourceMaps/css/de_dust2.map	5077477	12856007	2417.8	169.631425800194
583	maps/sourceMaps/css/de_dust2.map	9002549	1391963	1945.2	10.145239376008607
584	maps/sourceMaps/css/de_dust2.map	4718981	5855071	1753.8	178.99625468164794
585	maps/sourceMaps/css/de_dust2.map	16225653	15180206	1069.0	1.09400826446281
586	maps/sourceMaps/css/de_dust2.map	16050437	16502851	2286.4	1.0
587	maps/sourceMaps/css/de_dust2.map	7064026	13916735	2145.0	77.28987068965517
588	maps/sourceMaps/css/de_dust2.map	7316674	2769905	2001.8	199.19567690557452
589	maps/sourceMaps/css/de_dust2.map	8164038	12178236	1090.4	47.43323139653415
590	maps/sourceMaps/css/de_dust2.map	6576805	7859953	2152.2	183.61461461461462
591	maps/sourceMaps/css/de_dust2.map	16390467	10221259	1820.0	84.00870105655687
592	maps/sourceMaps/css/de_dust2.map	5475846	1674546	1012.8	1.0
593	maps/sourceMaps/css/de_dust2.map	4704775	11034343	2641.0	188.87170263788968
594	maps/sourceMaps/css/de_dust2.map	16934699	10969526	2224.2	119.9828349944629
595	maps/sourceMaps/css/de_dust2.map	2219622	4495863	1357.4	1.0
596	maps/sourceMaps/css/de_dust2.map	3805975	4377575	2311.6	1.0602569782897653
597	maps/sourceMaps/css/de_dust2.map	8700366	4194664	1184.8	61.48319709355132
598	maps/sourceMaps/css/de_dust2.map	2374876	4281057	2741.4	13.75
599	maps/sourceMaps/css/de_dust2.map	4583987	12387128	2217.0	92.02463312368972
600	maps/sourceMaps/css/de_dust2.map	14611535	10974043	1086.6	55.01482213438735
601	maps/sourceMaps/css/de_piranesi.map	17760747	9013753	1518.6	7.7292817679558015
602	maps/sourceMaps/css/de_piranesi.map	10833063	19339295	1758.8	60.686706746826985
603	maps/sourceMaps/css/de_piranesi.map	19549720	16332862	1546.8	1.0
604	maps/sourceMaps/css/de_piranesi.map	21175519	8510711	2117.6	59.44530870199319
605	maps/sourceMaps/css/de_piranesi.map	13585397	21870360	1441.4	57.46210995542348
606	maps/sourceMaps/css/de_piranesi.map	17469184	10015277	1332.8	11.966143682906688
607	maps/sourceMaps/css/de_piranesi.map	18629117	13985858	1682.6	1.0260492040520983
608	maps/sourceMaps/css/de_piranesi.map	8275107	15878026	2013.4	70.11498708010336
609	maps/sourceMaps/css/de_piranesi.map	18674490	17044206	2358.0	184.96976854038735
610	maps/sourceMaps/css/de_piranesi.map	19568935	21452882	1185.8	52.81360946745562
611	maps/sourceMaps/css/de_piranesi.map	15507004	19226832	1144.2	51.1649377593361
612	maps/sourceMaps/css/de_piranesi.map	17998004	15120229	1264.6	113.60968921389397
613	maps/sourceMaps/css/de_piranesi.map	7967261	21705412	2770.4	14.511429852084268
614	maps/sourceMaps/css/de_piranesi.map	15780268	18014740	1753.2	11.268489745183343
615	maps/sourceMaps/css/de_piranesi.map	18896634	9780678	1817.6	8.201215395003375
616	maps/sourceMaps/css/de_piranesi.map	9244804	15391572	1434.8	161.76318141197498
617	maps/sourceMaps/css/de_piranesi.map	12683253	17462764	1161.0	111.13496932515338
618	maps/sourceMaps/css/de_piranesi.map	13165592	19535231	1113.6	1.0
619	maps/sourceMaps/css/de_piranesi.map	3296654	10603040	1511.4	10.870426829268293
620	maps/sourceMaps/css/de_piranesi.map	16680383	14523032	1563.8	102.93639053254438
621	maps/sourceMaps/css/de_piranesi.map	5842087	19904461	2803.8	136.5953689167975
622	maps/sourceMaps/css/de_piranesi.map	2743306	14466856	2331.0	1.0
623	maps/sourceMaps/css/de_piranesi.map	13432770	22777441	1536.6	9.082345191040844
624	maps/sourceMaps/css/de_piranesi.map	17148273	9861776	1594.6	18.113704819277107
625	maps/sourceMaps/css/de_piranesi.map	20960324	16520688	2012.4	14.673623188405797
626	maps/sourceMaps/css/de_piranesi.map	13738891	2392715	2141.8	87.87979797979798
627	maps/sourceMaps/css/de_piranesi.map	16865351	21852412	2863.0	48.72992125984252
628	maps/sourceMaps/css/de_piranesi.map	21396482	15162599	1026.8	1.0
629	maps/sourceMaps/css/de_piranesi.map	14325289	3296991	2753.8	81.18621013133209
630	maps/sourceMaps/css/de_piranesi.map	11669227	3778351	1656.2	116.63751763046544
631	maps/sourceMaps/css/de_piranesi.map	21883956	15473179	2199.4	28.545964125560538
632	maps/sourceMaps/css/de_piranesi.map	12933644	15809677	1279.8	80.15213675213676
633	maps/sourceMaps/css/de_piranesi.map	10892504	1030275	1628.6	3.348938826466916
634	maps/sourceMaps/css/de_piranesi.map	10278656	19247650	1577.2	74.87457627118644
635	maps/sourceMaps/css/de_piranesi.map	17280718	21520532	2009.2	6.825936599423631
636	maps/sourceMaps/css/de_piranesi.map	10628505	10475678	1298.2	56.04514480408859
637	maps/sourceMaps/css/de_piranesi.map	6001166	8768899	2072.6	99.07866948257656
638	maps/sourceMaps/css/de_piranesi.map	11029387	24151087	2490.0	1.0
639	maps/sourceMaps/css/de_piranesi.map	22721979	15002614	1607.0	2.073365231259968
640	maps/sourceMaps/css/de_piranesi.map	15569993	8293943	1617.0	1.0
641	maps/sourceMaps/css/de_piranesi.map	4812468	15434539	2920.6	32.06182795698925
642	maps/sourceMaps/css/de_piranesi.map	10629873	19476485	1828.2	143.03523936170214
643	maps/sourceMaps/css/de_piranesi.map	12212383	10649386	1799.8	119.60644768856447
644	maps/sourceMaps/css/de_piranesi.map	18366523	12101413	1173.0	1.7888015717092338
645	maps/sourceMaps/css/de_piranesi.map	3056585	9241630	1166.0	6.749253731343283
646	maps/sourceMaps/css/de_piranesi.map	14176712	21353490	1316.2	1.6337907375643224
647	maps/sourceMaps/css/de_piranesi.map	11298819	18986246	1629.8	194.3462623413258
648	maps/sourceMaps/css/de_piranesi.map	3667251	10475906	2371.4	125.52979797979798
649	maps/sourceMaps/css/de_piranesi.map	18582211	10618266	1667.0	6.893353941267388
650	maps/sourceMaps/css/de_piranesi.map	14102407	16026952	2749.8	1.0
651	maps/sourceMaps/css/de_piranesi.map	1591114	16689694	2633.4	196.3915171288744
652	maps/sourceMaps/css/de_piranesi.map	9451218	16313627	1181.6	33.983856502242155
653	maps/sourceMaps/css/de_piranesi.map	13428457	17777239	1084.0	110.57633973710819
654	maps/sourceMaps/css/de_piranesi.map	10187114	23984735	2551.6	6.566711289602856
655	maps/sourceMaps/css/de_piranesi.map	18586550	7492261	1852.6	1.0
656	maps/sourceMaps/css/de_piranesi.map	12291560	15798026	1653.6	1.0
657	maps/sourceMaps/css/de_piranesi.map	14781324	14221887	1234.6	57.830960854092524
658	maps/sourceMaps/css/de_piranesi.map	15494699	15865708	1438.4	1.0317124735729386
659	maps/sourceMaps/css/de_piranesi.map	12613725	24409307	2407.6	21.96658354114713
660	maps/sourceMaps/css/de_piranesi.map	13732562	5854035	1409.0	124.55859375
661	maps/sourceMaps/css/de_piranesi.map	17399739	7469283	1826.4	1.6416615003099815
662	maps/sourceMaps/css/de_piranesi.map	15704202	3124572	2406.0	9.723445912873226
663	maps/sourceMaps/css/de_piranesi.map	9631945	12623269	2636.0	162.47558473533033
664	maps/sourceMaps/css/de_piranesi.map	21488887	12637372	1599.0	13.617524339360223
665	maps/sourceMaps/css/de_piranesi.map	16160050	17602613	1216.6	1.0
666	maps/sourceMaps/css/de_piranesi.map	15472166	16674663	1448.6	108.07395993836671
667	maps/sourceMaps/css/de_piranesi.map	20837915	15260827	2758.8	92.23809523809524
668	maps/sourceMaps/css/de_piranesi.map	14946926	8380463	1160.8	78.33270852858482
669	maps/sourceMaps/css/de_piranesi.map	17724162	6494541	1867.4	65.46326754385964
670	maps/sourceMaps/css/de_piranesi.map	13777739	14804930	1769.8	86.81058823529412
671	maps/sourceMaps/css/de_piranesi.map	19439333	10175694	2043.6	197.56073690270583
672	maps/sourceMaps/css/de_piranesi.map	17153623	21698300	2242.0	70.42421307506054
673	maps/sourceMaps/css/de_piranesi.map	20608592	8641147	2517.0	5.722222222222222
674	maps/sourceMaps/css/de_piranesi.map	15617493	1307349	2508.6	28.58777969018933
675	maps/sourceMaps/css/de_piranesi.map	13769653	5915196	1457.8	1.7844827586206897
676	maps/sourceMaps/css/de_piranesi.map	4701777	14615112	2538.6	11.182489451476794
677	maps/sourceMaps/css/de_piranesi.map	5397380	16116416	2093.4	41.26600209863589
678	maps/sourceMaps/css/de_piranesi.map	8699753	18599105	1713.4	71.52425373134328
679	maps/sourceMaps/css/de_piranesi.map	12442092	11073132	1632.8	173.82512144344204
680	maps/sourceMaps/css/de_piranesi.map	22998776	16717882	2714.0	16.97095795405288
681	maps/sourceMaps/css/de_piranesi.map	18117286	22881325	2668.2	98.75169491525423
682	maps/sourceMaps/css/de_piranesi.map	4936295	20023194	2872.6	42.54408163265306
683	maps/sourceMaps/css/de_piranesi.map	12303935	18604870	1415.4	107.88820422535211
684	maps/sourceMaps/css/de_piranesi.map	22438816	21981660	1420.8	166.38800303720578
685	maps/sourceMaps/css/de_piranesi.map	9876099	14731007	1185.8	100.95555555555555
686	maps/sourceMaps/css/de_piranesi.map	17063544	18266489	1829.0	1.248861047835991
687	maps/sourceMaps/css/de_piranesi.map	14440922	23275616	2064.0	112.68526379624015
688	maps/sourceMaps/css/de_piranesi.map	12916192	15738465	1176.2	2.011066398390342
689	maps/sourceMaps/css/de_piranesi.map	20459020	18964335	2473.0	87.13023679417122
690	maps/sourceMaps/css/de_piranesi.map	24329876	13574405	1790.4	22.7807670291929
691	maps/sourceMaps/css/de_piranesi.map	22499707	12939347	1583.2	62.685769478428846
692	maps/sourceMaps/css/de_piranesi.map	10358304	18446904	1521.0	1.0
693	maps/sourceMaps/css/de_piranesi.map	20694376	14360387	1920.2	10.496026490066225
694	maps/sourceMaps/css/de_piranesi.map	22006419	15428388	1407.6	3.009354536950421
695	maps/sourceMaps/css/de_piranesi.map	4264516	21057088	2890.8	85.02016868353502
696	maps/sourceMaps/css/de_piranesi.map	2563698	10129949	2262.2	40.12528216704289
697	maps/sourceMaps/css/de_piranesi.map	21027611	16224714	2215.0	63.12605042016807
698	maps/sourceMaps/css/de_piranesi.map	23288538	10264328	2915.2	133.7576041179223
699	maps/sourceMaps/css/de_piranesi.map	22117091	12545266	1880.0	1.0
700	maps/sourceMaps/css/de_piranesi.map	16438170	3661622	2357.2	1.9604819277108434
701	maps/sourceMaps/css/de_piranesi.map	18642349	22660374	1977.2	69.98608695652175
702	maps/sourceMaps/css/de_piranesi.map	18884893	11303315	2001.0	134.4215809284818
703	maps/sourceMaps/css/de_piranesi.map	6569178	18582536	2493.2	1.1973347001537673
704	maps/sourceMaps/css/de_piranesi.map	14572777	19178825	1931.2	1.0
705	maps/sourceMaps/css/de_piranesi.map	7560613	16672512	2061.2	122.41527001862197
706	maps/sourceMaps/css/de_piranesi.map	12618910	20626888	1308.8	6.328209069946195
707	maps/sourceMaps/css/de_piranesi.map	11430860	7604053	1695.4	38.82113259668508
708	maps/sourceMaps/css/de_piranesi.map	3721968	4918097	1166.6	1.0
709	maps/sourceMaps/css/de_piranesi.map	20790094	18586917	2246.2	1.0
710	maps/sourceMaps/css/de_piranesi.map	21797072	13806419	1936.2	198.44651741293532
711	maps/sourceMaps/css/de_piranesi.map	10585859	24206015	2369.4	5.566907775768535
712	maps/sourceMaps/css/de_piranesi.map	18561935	21082891	1679.6	5.183915622940013
713	maps/sourceMaps/css/de_piranesi.map	17308643	16247625	1574.0	83.46764509673116
714	maps/sourceMaps/css/de_piranesi.map	10767208	10321706	2066.0	133.4452849218356
715	maps/sourceMaps/css/de_piranesi.map	20209609	18159114	1266.4	97.37171888230313
716	maps/sourceMaps/css/de_piranesi.map	8305354	8615529	2489.4	128.6300551470588
717	maps/sourceMaps/css/de_piranesi.map	17021974	14498599	2425.8	86.60287511230908
718	maps/sourceMaps/css/de_piranesi.map	11572007	23017521	1951.6	9.250134480903712
719	maps/sourceMaps/css/de_piranesi.map	21642424	14404972	1406.8	59.538011695906434
720	maps/sourceMaps/css/de_piranesi.map	22605071	19517661	1450.4	1.0
721	maps/sourceMaps/css/de_piranesi.map	17947522	24297899	1264.2	1.0
722	maps/sourceMaps/css/de_piranesi.map	15501573	10634661	1028.4	18.545454545454547
723	maps/sourceMaps/css/de_piranesi.map	14847366	16531137	2245.8	43.47753346080306
724	maps/sourceMaps/css/de_piranesi.map	14407048	9011267	1027.6	1.3010262257696694
725	maps/sourceMaps/css/de_piranesi.map	10309126	12586428	2139.6	155.46024223275407
726	maps/sourceMaps/css/de_piranesi.map	17429467	21600718	1201.8	1.0
727	maps/sourceMaps/css/de_piranesi.map	19669599	6063282	2937.2	191.04598130841123
728	maps/sourceMaps/css/de_piranesi.map	19929284	16398443	1390.2	13.15748709122203
729	maps/sourceMaps/css/de_piranesi.map	4573087	2711552	1335.8	13.139802631578947
730	maps/sourceMaps/css/de_piranesi.map	20052546	4251640	2769.0	102.7435697583788
731	maps/sourceMaps/css/de_piranesi.map	17879560	17976130	2206.8	149.7423405323958
732	maps/sourceMaps/css/de_piranesi.map	9490015	512873	2679.2	141.70749883558454
733	maps/sourceMaps/css/de_piranesi.map	13653421	8047913	1150.8	55.775945683802135
734	maps/sourceMaps/css/de_piranesi.map	16603122	22579821	1936.8	130.18066961465573
735	maps/sourceMaps/css/de_piranesi.map	22117870	8645079	2535.4	10.393510054844606
736	maps/sourceMaps/css/de_piranesi.map	15948432	13265174	2930.0	117.39352776667998
737	maps/sourceMaps/css/de_piranesi.map	11179215	8238252	2889.0	81.53971255673223
738	maps/sourceMaps/css/de_piranesi.map	15457635	19798290	2561.0	21.574593128390596
739	maps/sourceMaps/css/de_piranesi.map	8398927	5921047	1720.8	1.6617552850736708
740	maps/sourceMaps/css/de_piranesi.map	15743554	15169251	1460.2	16.571629213483146
741	maps/sourceMaps/css/de_piranesi.map	11603884	23461068	2251.4	1.199896157840083
742	maps/sourceMaps/css/de_piranesi.map	17945425	20211422	1030.2	1.0
743	maps/sourceMaps/css/de_piranesi.map	15963936	14786089	1370.6	169.7639751552795
744	maps/sourceMaps/css/de_piranesi.map	3624204	10012926	1357.8	1.0
745	maps/sourceMaps/css/de_piranesi.map	13160553	8276301	1428.4	88.7624521072797
746	maps/sourceMaps/css/de_piranesi.map	16369863	19370621	1032.8	1.0
747	maps/sourceMaps/css/de_piranesi.map	16033718	15804656	1313.6	144.61504811898513
748	maps/sourceMaps/css/de_piranesi.map	3241661	19787183	2863.6	138.76888723483438
749	maps/sourceMaps/css/de_piranesi.map	11226896	8906616	2246.0	126.12591866731994
750	maps/sourceMaps/css/de_piranesi.map	22549073	18610696	2392.6	31.083723105706266
751	maps/sourceMaps/css/de_piranesi.map	20299523	10309391	2333.2	58.941582580987784
752	maps/sourceMaps/css/de_piranesi.map	23608340	15815827	1310.2	1.0
753	maps/sourceMaps/css/de_piranesi.map	17647019	10995104	1600.2	82.99116347569955
754	maps/sourceMaps/css/de_piranesi.map	8043481	19690866	2361.0	24.03488372093023
755	maps/sourceMaps/css/de_piranesi.map	19248298	8566062	2053.2	78.90259365994237
756	maps/sourceMaps/css/de_piranesi.map	11025099	16730141	1292.6	62.17578947368421
757	maps/sourceMaps/css/de_piranesi.map	10045296	9476529	2237.6	28.34379526798648
758	maps/sourceMaps/css/de_piranesi.map	22648121	16518535	1149.4	1.0
759	maps/sourceMaps/css/de_piranesi.map	16063032	9035689	1761.0	176.97140762463343
760	maps/sourceMaps/css/de_piranesi.map	8336523	20860756	2609.0	181.39785992217898
761	maps/sourceMaps/css/de_piranesi.map	14102251	3451831	1973.0	160.30289017341042
762	maps/sourceMaps/css/de_piranesi.map	15567863	18714864	1195.6	40.83598875351453
763	maps/sourceMaps/css/de_piranesi.map	12354940	17875176	1314.4	25.02081268582755
764	maps/sourceMaps/css/de_piranesi.map	18683812	19388546	2629.2	193.02284569138277
765	maps/sourceMaps/css/de_piranesi.map	21280291	8207973	2441.2	37.79274611398964
766	maps/sourceMaps/css/de_piranesi.map	8627273	24329533	2717.0	1.4454901960784314
767	maps/sourceMaps/css/de_piranesi.map	11884385	2206548	1761.8	2.7977099236641223
768	maps/sourceMaps/css/de_piranesi.map	13397578	8936727	1300.6	1.0
769	maps/sourceMaps/css/de_piranesi.map	15562710	5379920	1813.8	151.1795646916566
770	maps/sourceMaps/css/de_piranesi.map	11017755	12467308	2166.0	137.27574083375188
771	maps/sourceMaps/css/de_piranesi.map	8030139	16456438	1600.4	2.1154127100073046
772	maps/sourceMaps/css/de_piranesi.map	3605502	18033109	2696.8	14.47887323943662
773	maps/sourceMaps/css/de_piranesi.map	15038261	1652600	2186.2	25.452621895124196
774	maps/sourceMaps/css/de_piranesi.map	15656515	9310803	1444.0	30.77717879604672
775	maps/sourceMaps/css/de_piranesi.map	17039276	6746891	2704.0	167.77256877179389
776	maps/sourceMaps/css/de_piranesi.map	4074382	4751084	1192.0	51.554814108674925
777	maps/sourceMaps/css/de_piranesi.map	20095399	19783180	2142.2	99.50669412976313
778	maps/sourceMaps/css/de_piranesi.map	14656714	7917415	1197.6	1.0602739726027397
779	maps/sourceMaps/css/de_piranesi.map	15029096	15440038	2651.4	137.78624689312343
780	maps/sourceMaps/css/de_piranesi.map	13240962	18508251	1050.6	3.8551401869158877
781	maps/sourceMaps/css/de_piranesi.map	20495897	15566633	1584.0	1.0
782	maps/sourceMaps/css/de_piranesi.map	18626297	11578931	1275.2	125.18340611353712
783	maps/sourceMaps/css/de_piranesi.map	8706526	11638080	1116.2	145.32340425531916
784	maps/sourceMaps/css/de_piranesi.map	18513841	15780170	1546.6	1.7401459854014598
785	maps/sourceMaps/css/de_piranesi.map	21716311	20494380	2781.0	100.38221709006929
786	maps/sourceMaps/css/de_piranesi.map	16223382	12112161	2767.8	116.45363709032773
787	maps/sourceMaps/css/de_piranesi.map	19000276	13179797	1233.4	3.3847780126849893
788	maps/sourceMaps/css/de_piranesi.map	15945652	22000594	1118.2	1.0
789	maps/sourceMaps/css/de_piranesi.map	20239590	13594588	2121.2	146.75072463768117
790	maps/sourceMaps/css/de_piranesi.map	17382341	20701109	1698.0	4.6130346232179225
791	maps/sourceMaps/css/de_piranesi.map	2527312	12593127	1784.0	162.28134556574923
792	maps/sourceMaps/css/de_piranesi.map	13315510	9146788	1981.6	130.6657060518732
793	maps/sourceMaps/css/de_piranesi.map	24083276	14160274	1921.4	196.04371921182266
794	maps/sourceMaps/css/de_piranesi.map	11342940	8189846	1030.8	1.0
795	maps/sourceMaps/css/de_piranesi.map	15534125	16043175	2263.2	1.0
796	maps/sourceMaps/css/de_piranesi.map	20954253	15617947	2092.4	1.0
797	maps/sourceMaps/css/de_piranesi.map	8916438	19943891	2211.2	1.0
798	maps/sourceMaps/css/de_piranesi.map	12534514	22746565	2443.4	198.02840352595496
799	maps/sourceMaps/css/de_piranesi.map	4307943	14559408	2154.0	1.3783783783783783
800	maps/sourceMaps/css/de_piranesi.map	10839842	19260817	1515.4	104.90862573099415
801	maps/sourceMaps/css/de_prodigy.map	19280653	13742568	1474.0	103.57494407158836
802	maps/sourceMaps/css/de_prodigy.map	3509378	5097281	1414.2	78.2072072072072
803	maps/sourceMaps/css/de_prodigy.map	4522843	13582077	2029.8	181.74109131403117
804	maps/sourceMaps/css/de_prodigy.map	4206378	2057224	2742.4	105.87563551036371
805	maps/sourceMaps/css/de_prodigy.map	11682335	17220836	1770.4	193.24952380952382
806	maps/sourceMaps/css/de_prodigy.map	21053927	14599173	1241.2	1.393068469991547
807	maps/sourceMaps/css/de_prodigy.map	14223224	13826602	2060.2	10.453740157480315
808	maps/sourceMaps/css/de_prodigy.map	3319943	12390747	1694.2	1.0
809	maps/sourceMaps/css/de_prodigy.map	20841777	15341671	1478.6	155.06920415224914
810	maps/sourceMaps/css/de_prodigy.map	10501407	14175991	1102.0	125.20996818663839
811	maps/sourceMaps/css/de_prodigy.map	3106525	14700715	2417.2	18.914436156208865
812	maps/sourceMaps/css/de_prodigy.map	17172661	18126783	2261.2	183.02471003530005
813	maps/sourceMaps/css/de_prodigy.map	15586347	21044423	2960.8	95.81668625146887
814	maps/sourceMaps/css/de_prodigy.map	1800266	1077923	1543.8	1.0
815	maps/sourceMaps/css/de_prodigy.map	14724029	20755069	2564.8	142.45355964167845
816	maps/sourceMaps/css/de_prodigy.map	10217279	13389371	1307.4	189.39347079037802
817	maps/sourceMaps/css/de_prodigy.map	14181324	10189834	1176.0	136.88784165881245
818	maps/sourceMaps/css/de_prodigy.map	21715387	14969149	2724.6	150.56244897959184
819	maps/sourceMaps/css/de_prodigy.map	172925	1853138	1898.2	17.09009009009009
820	maps/sourceMaps/css/de_prodigy.map	8035048	2340080	2031.8	133.1315250767656
821	maps/sourceMaps/css/de_prodigy.map	5122130	11740854	1216.0	3.4987633965375102
822	maps/sourceMaps/css/de_prodigy.map	14567687	21514158	1350.8	41.96936370777691
823	maps/sourceMaps/css/de_prodigy.map	16549840	20613436	1243.2	144.10692899914457
824	maps/sourceMaps/css/de_prodigy.map	14345225	16330627	2610.8	168.5861645517806
825	maps/sourceMaps/css/de_prodigy.map	12842243	19005925	2274.6	196.09199134199133
826	maps/sourceMaps/css/de_prodigy.map	14747017	12367429	1582.4	1.0
827	maps/sourceMaps/css/de_prodigy.map	16259768	12566030	2573.0	97.64363636363636
828	maps/sourceMaps/css/de_prodigy.map	4300052	2089347	2380.4	164.64307828394516
829	maps/sourceMaps/css/de_prodigy.map	14279922	13906374	2227.2	1.7237619263970922
830	maps/sourceMaps/css/de_prodigy.map	10559041	7326936	1043.8	1.0
831	maps/sourceMaps/css/de_prodigy.map	13791983	14455040	2324.4	44.28546332894159
832	maps/sourceMaps/css/de_prodigy.map	3101217	5289614	1630.6	10.686903137789905
833	maps/sourceMaps/css/de_prodigy.map	13287426	14391417	1189.0	138.5203539823009
834	maps/sourceMaps/css/de_prodigy.map	7046536	2236209	1759.6	154.84828416616497
835	maps/sourceMaps/css/de_prodigy.map	19655791	18558921	1059.2	122.75471698113208
836	maps/sourceMaps/css/de_prodigy.map	9428983	18690351	1956.6	118.64174972314507
837	maps/sourceMaps/css/de_prodigy.map	20825668	16079451	1112.2	4.189655172413793
838	maps/sourceMaps/css/de_prodigy.map	4320759	674165	1666.8	180.67924528301887
839	maps/sourceMaps/css/de_prodigy.map	17629772	18532153	1394.8	37.46165527714503
840	maps/sourceMaps/css/de_prodigy.map	13400895	4887223	1601.0	15.307051282051281
841	maps/sourceMaps/css/de_prodigy.map	17779014	21830242	1307.2	74.43312666076173
842	maps/sourceMaps/css/de_prodigy.map	11872280	15821957	1663.2	2.090909090909091
843	maps/sourceMaps/css/de_prodigy.map	12254271	5476929	1337.4	12.123188405797102
844	maps/sourceMaps/css/de_prodigy.map	5926557	13423331	1926.2	118.82384105960264
845	maps/sourceMaps/css/de_prodigy.map	3495351	4441660	1625.2	11.164418754014129
846	maps/sourceMaps/css/de_prodigy.map	8621111	15708144	1956.6	46.904666666666664
847	maps/sourceMaps/css/de_prodigy.map	12322798	18045258	1315.2	3.988560533841754
848	maps/sourceMaps/css/de_prodigy.map	17811433	10745562	1894.0	108.07407407407408
849	maps/sourceMaps/css/de_prodigy.map	20279618	10172394	2507.8	196.92124212421243
850	maps/sourceMaps/css/de_prodigy.map	3168026	1199056	2725.0	156.85150078988943
851	maps/sourceMaps/css/de_prodigy.map	15356985	14850081	1006.2	1.0
852	maps/sourceMaps/css/de_prodigy.map	8746157	20979246	2419.6	17.796519410977243
853	maps/sourceMaps/css/de_prodigy.map	3158656	3890246	1585.8	128.09934210526316
854	maps/sourceMaps/css/de_prodigy.map	4061339	1592220	1101.4	122.55155642023347
855	maps/sourceMaps/css/de_prodigy.map	17662587	15435758	1443.8	30.692857142857143
856	maps/sourceMaps/css/de_prodigy.map	8671859	2176627	2938.0	143.5701072881983
857	maps/sourceMaps/css/de_prodigy.map	7339218	5196795	2490.2	179.2023381294964
858	maps/sourceMaps/css/de_prodigy.map	20563794	14856305	1342.6	1.0
859	maps/sourceMaps/css/de_prodigy.map	13890925	7757904	1263.0	110.36743772241992
860	maps/sourceMaps/css/de_prodigy.map	848408	2789410	2489.0	23.44548551959114
861	maps/sourceMaps/css/de_prodigy.map	4896514	571596	1196.6	85.95675675675676
862	maps/sourceMaps/css/de_prodigy.map	5614396	7767436	1749.6	188.06278916060808
863	maps/sourceMaps/css/de_prodigy.map	14506443	17161361	1390.2	152.8359497645212
864	maps/sourceMaps/css/de_prodigy.map	255210	2241235	1924.6	7.01685393258427
865	maps/sourceMaps/css/de_prodigy.map	16144016	19056020	1526.0	88.99311400153022
866	maps/sourceMaps/css/de_prodigy.map	2280357	5210956	2310.4	113.57788697788698
867	maps/sourceMaps/css/de_prodigy.map	5380367	17639852	2586.6	158.11376994122585
868	maps/sourceMaps/css/de_prodigy.map	3588122	3070475	1186.0	14.106179286335944
869	maps/sourceMaps/css/de_prodigy.map	15594151	13624891	2660.2	63.91811023622047
870	maps/sourceMaps/css/de_prodigy.map	20061709	12536702	1478.4	17.581580855692533
871	maps/sourceMaps/css/de_prodigy.map	19848154	18197775	1347.4	191.10017271157167
872	maps/sourceMaps/css/de_prodigy.map	11525713	16172286	1321.2	77.1126346718903
873	maps/sourceMaps/css/de_prodigy.map	7792536	1969849	2011.4	130.22475027746947
874	maps/sourceMaps/css/de_prodigy.map	668643	10436354	2888.4	176.57707509881422
875	maps/sourceMaps/css/de_prodigy.map	15167198	13743322	2040.2	184.57954545454547
876	maps/sourceMaps/css/de_prodigy.map	15266348	8795287	1320.6	84.03618421052632
877	maps/sourceMaps/css/de_prodigy.map	936870	3364544	2747.4	164.4270015698587
878	maps/sourceMaps/css/de_prodigy.map	17140059	18231110	1764.8	192.35022165927802
879	maps/sourceMaps/css/de_prodigy.map	3580143	2465532	2019.0	153.1213692946058
880	maps/sourceMaps/css/de_prodigy.map	5021774	1237226	1995.0	187.07914438502675
881	maps/sourceMaps/css/de_prodigy.map	20049029	14872759	1378.4	143.37467700258398
882	maps/sourceMaps/css/de_prodigy.map	7974397	2076011	1282.4	7.785383903792784
883	maps/sourceMaps/css/de_prodigy.map	3715475	1417150	1161.8	58.4553415061296
884	maps/sourceMaps/css/de_prodigy.map	4152061	2089446	1960.8	116.5702479338843
885	maps/sourceMaps/css/de_prodigy.map	14665490	13367075	1411.4	194.05656108597285
886	maps/sourceMaps/css/de_prodigy.map	3736558	761915	1865.6	106.8082191780822
887	maps/sourceMaps/css/de_prodigy.map	10622814	18875006	1814.6	186.7138403990025
888	maps/sourceMaps/css/de_prodigy.map	1290934	4763376	1054.0	66.00240673886883
889	maps/sourceMaps/css/de_prodigy.map	8365821	14389184	1229.4	90.5
890	maps/sourceMaps/css/de_prodigy.map	20039077	13423460	2852.2	83.55165114309906
891	maps/sourceMaps/css/de_prodigy.map	6155686	991116	1991.8	171.9921968787515
892	maps/sourceMaps/css/de_prodigy.map	17536162	12080519	1077.4	106.444
893	maps/sourceMaps/css/de_prodigy.map	16893863	19393667	1557.0	195.84785714285715
894	maps/sourceMaps/css/de_prodigy.map	8050873	3348275	1182.2	100.1046511627907
895	maps/sourceMaps/css/de_prodigy.map	15763315	12734999	2909.2	111.70579657309516
896	maps/sourceMaps/css/de_prodigy.map	18958484	7621503	2187.6	194.21376986037555
897	maps/sourceMaps/css/de_prodigy.map	1258793	2517993	2605.8	183.6731418918919
898	maps/sourceMaps/css/de_prodigy.map	6077737	13111747	1384.8	70.31652443754848
899	maps/sourceMaps/css/de_prodigy.map	1627629	7248131	1602.2	87.07154471544716
900	maps/sourceMaps/css/de_prodigy.map	14376155	14754212	1294.8	63.91673338670937
901	maps/sourceMaps/css/de_prodigy.map	16073665	10996712	2372.0	137.63631494376006
902	maps/sourceMaps/css/de_prodigy.map	3966970	2647582	2270.8	15.291954022988506
903	maps/sourceMaps/css/de_prodigy.map	8948319	14278991	1282.0	11.909547738693467
904	maps/sourceMaps/css/de_prodigy.map	1587775	810734	1635.8	1.0
905	maps/sourceMaps/css/de_prodigy.map	969046	2828441	2791.0	18.242093373493976
906	maps/sourceMaps/css/de_prodigy.map	886950	2261298	2184.8	139.0136770120989
907	maps/sourceMaps/css/de_prodigy.map	7885454	1030528	2158.6	145.3538961038961
908	maps/sourceMaps/css/de_prodigy.map	17077363	18006938	1602.4	161.52559480894016
909	maps/sourceMaps/css/de_prodigy.map	20209216	9461376	2204.8	17.145251396648046
910	maps/sourceMaps/css/de_prodigy.map	3754156	4417545	2775.0	155.05068597560975
911	maps/sourceMaps/css/de_prodigy.map	14403005	15388758	2912.8	184.45172782329888
912	maps/sourceMaps/css/de_prodigy.map	21688987	13917287	1701.8	25.728230337078653
913	maps/sourceMaps/css/de_prodigy.map	13618823	21950783	2649.4	143.82913518052058
914	maps/sourceMaps/css/de_prodigy.map	16001930	10382023	1334.2	143.97372881355932
915	maps/sourceMaps/css/de_prodigy.map	20711038	13507975	1389.4	128.05227272727274
916	maps/sourceMaps/css/de_prodigy.map	18941229	20180057	1217.2	180.81062801932367
917	maps/sourceMaps/css/de_prodigy.map	3881950	2111548	1167.6	1.0
918	maps/sourceMaps/css/de_prodigy.map	21519594	18526057	1128.2	19.908791208791207
919	maps/sourceMaps/css/de_prodigy.map	5800711	16673235	2366.6	153.56639194139194
920	maps/sourceMaps/css/de_prodigy.map	16767169	15990644	1393.4	139.8395061728395
921	maps/sourceMaps/css/de_prodigy.map	12541713	21251682	1837.4	170.0096618357488
922	maps/sourceMaps/css/de_prodigy.map	12322822	13306816	1086.0	4.532019704433497
923	maps/sourceMaps/css/de_prodigy.map	12385606	12834407	1093.4	155.113
924	maps/sourceMaps/css/de_prodigy.map	21847520	16926229	1330.6	52.44188376753507
925	maps/sourceMaps/css/de_prodigy.map	7681650	13453886	1126.2	44.89319470699433
926	maps/sourceMaps/css/de_prodigy.map	16876437	13859011	2816.2	104.77647975077882
927	maps/sourceMaps/css/de_prodigy.map	16848074	11256421	1188.4	2.8
928	maps/sourceMaps/css/de_prodigy.map	14378021	2244150	2526.4	44.99627329192547
929	maps/sourceMaps/css/de_prodigy.map	15853986	11599277	1021.0	49.09367088607595
930	maps/sourceMaps/css/de_prodigy.map	21132007	13350620	1755.4	186.48331273176763
931	maps/sourceMaps/css/de_prodigy.map	8822573	21508219	2473.4	78.70645709430757
932	maps/sourceMaps/css/de_prodigy.map	5590038	4133726	2038.6	182.64527027027026
933	maps/sourceMaps/css/de_prodigy.map	15123088	17022593	1069.4	24.217532467532468
934	maps/sourceMaps/css/de_prodigy.map	8970337	15567133	1355.0	35.20904836193448
935	maps/sourceMaps/css/de_prodigy.map	7889058	14146653	1466.4	164.08864954432477
936	maps/sourceMaps/css/de_prodigy.map	3857956	3003248	2731.8	11.597752808988764
937	maps/sourceMaps/css/de_prodigy.map	20808509	15116764	2127.4	136.38756476683938
938	maps/sourceMaps/css/de_prodigy.map	3267843	6260194	2081.8	107.88348530901722
939	maps/sourceMaps/css/de_prodigy.map	17450112	13481571	1932.8	122.70245950809839
940	maps/sourceMaps/css/de_prodigy.map	14169716	12590574	1028.6	2.035010940919037
941	maps/sourceMaps/css/de_prodigy.map	9764911	17361128	1412.6	16.966954022988507
942	maps/sourceMaps/css/de_prodigy.map	9619912	20848062	2189.6	12.640252795333009
943	maps/sourceMaps/css/de_prodigy.map	7580343	13303162	1171.6	28.881792183031457
944	maps/sourceMaps/css/de_prodigy.map	20334476	12083692	1919.4	175.92565947242207
945	maps/sourceMaps/css/de_prodigy.map	6814967	13996239	1337.8	1.6724924012158056
946	maps/sourceMaps/css/de_prodigy.map	5712730	3081870	1534.8	53.55621742367833
947	maps/sourceMaps/css/de_prodigy.map	11753251	17904088	2463.6	161.49383280036545
948	maps/sourceMaps/css/de_prodigy.map	14435009	19356542	1587.0	96.24367088607595
949	maps/sourceMaps/css/de_prodigy.map	9221248	21710278	2427.8	70.38654012079378
950	maps/sourceMaps/css/de_prodigy.map	14700450	7796363	2349.4	161.7128252788104
951	maps/sourceMaps/css/de_prodigy.map	21649478	20329121	1301.8	1.0
952	maps/sourceMaps/css/de_prodigy.map	8385764	17100644	2019.0	168.83818393480792
953	maps/sourceMaps/css/de_prodigy.map	3296618	1198000	2180.0	92.64289180009705
954	maps/sourceMaps/css/de_prodigy.map	15932358	12767740	2994.0	91.21751719145855
955	maps/sourceMaps/css/de_prodigy.map	3689281	1937819	1647.4	10.194078947368421
956	maps/sourceMaps/css/de_prodigy.map	18603136	11438552	1536.4	165.3596425912137
957	maps/sourceMaps/css/de_prodigy.map	16047594	16030670	1011.2	91.5556858147714
958	maps/sourceMaps/css/de_prodigy.map	14338923	15522906	1174.8	121.42056932966024
959	maps/sourceMaps/css/de_prodigy.map	12107165	16793201	1057.8	57.84651162790698
960	maps/sourceMaps/css/de_prodigy.map	4468602	1871079	2181.0	111.82663316582915
961	maps/sourceMaps/css/de_prodigy.map	20552958	14447836	1246.4	7.138381201044386
962	maps/sourceMaps/css/de_prodigy.map	2628543	855995	2407.0	1.0
963	maps/sourceMaps/css/de_prodigy.map	17903099	19591552	1154.0	15.792039800995024
964	maps/sourceMaps/css/de_prodigy.map	18592292	8790636	2353.0	195.20700636942675
965	maps/sourceMaps/css/de_prodigy.map	21841730	10134046	2424.0	12.135664335664336
966	maps/sourceMaps/css/de_prodigy.map	19170493	16138396	1534.4	104.80059746079164
967	maps/sourceMaps/css/de_prodigy.map	1188028	6827246	2473.6	180.39239904988125
968	maps/sourceMaps/css/de_prodigy.map	12418970	14981157	1322.8	117.767929089444
969	maps/sourceMaps/css/de_prodigy.map	15270523	20481628	1747.2	52.751960085531
970	maps/sourceMaps/css/de_prodigy.map	14612561	10439455	1358.8	132.91255411255412
971	maps/sourceMaps/css/de_prodigy.map	15952388	17603633	2240.0	121.25012260912212
972	maps/sourceMaps/css/de_prodigy.map	8666548	2199599	1867.4	195.68551461245235
973	maps/sourceMaps/css/de_prodigy.map	3427626	3701747	1091.0	8.028917910447761
974	maps/sourceMaps/css/de_prodigy.map	18995087	15368341	1093.0	75.84348739495799
975	maps/sourceMaps/css/de_prodigy.map	19242253	21845995	1345.8	1.0
976	maps/sourceMaps/css/de_prodigy.map	14763355	20815199	1613.2	116.84843624699278
977	maps/sourceMaps/css/de_prodigy.map	14520641	14081477	2316.8	22.49671772428884
978	maps/sourceMaps/css/de_prodigy.map	12115336	18057526	1393.2	104.63144547759933
979	maps/sourceMaps/css/de_prodigy.map	9533407	14819267	1143.2	127.02992776057792
980	maps/sourceMaps/css/de_prodigy.map	13903271	10821342	2153.0	55.51765316718588
981	maps/sourceMaps/css/de_prodigy.map	14678430	17144376	2730.8	174.33453960595094
982	maps/sourceMaps/css/de_prodigy.map	9128453	21196639	2481.8	186.2664590747331
983	maps/sourceMaps/css/de_prodigy.map	15221342	18105489	1011.4	34.67458432304038
984	maps/sourceMaps/css/de_prodigy.map	18472067	10209768	1711.8	158.41321243523316
985	maps/sourceMaps/css/de_prodigy.map	3205877	2742722	1067.2	41.358874878758485
986	maps/sourceMaps/css/de_prodigy.map	18958494	11842785	1313.4	1.723159509202454
987	maps/sourceMaps/css/de_prodigy.map	15735125	20317790	1301.4	26.75392156862745
988	maps/sourceMaps/css/de_prodigy.map	8109261	3024615	1194.0	149.69447047797564
989	maps/sourceMaps/css/de_prodigy.map	7277700	13038510	1273.0	17.173295454545453
990	maps/sourceMaps/css/de_prodigy.map	13791545	13778564	2803.8	154.2739837398374
991	maps/sourceMaps/css/de_prodigy.map	17580999	13732197	1521.0	162.5371835443038
992	maps/sourceMaps/css/de_prodigy.map	12069529	15111877	1027.2	132.95629552549428
993	maps/sourceMaps/css/de_prodigy.map	4961387	6197983	2892.2	194.4180769230769
994	maps/sourceMaps/css/de_prodigy.map	2456435	5387584	1622.8	2.4222853087295952
995	maps/sourceMaps/css/de_prodigy.map	4229026	139736	2576.6	150.1369922212619
996	maps/sourceMaps/css/de_prodigy.map	14911667	8162122	1336.4	98.95957962813257
997	maps/sourceMaps/css/de_prodigy.map	18559828	20507718	2015.4	66.82032854209446
998	maps/sourceMaps/css/de_prodigy.map	14501313	14280139	2773.0	71.11766862170089
999	maps/sourceMaps/css/de_prodigy.map	11449379	15582616	1125.6	86.2127417519909
1000	maps/sourceMaps/css/de_prodigy.map	3696746	1187458	2872.6	8.977323420074349
