87
3
2	6	9	
128	54	122	
2	6	9	
2		4486	3460
2		4486	5225
2		4486	5826
1
6	
44	
6	
2		4632	5225
4
6	0	9	4	
164	128	184	158	
6	0	9	4	
2		3460	5225
2		3460	4486
2		3460	5826
2		3460	3917
3
4	12	9	
80	108	122	
4	12	9	
2		4651	3917
2		4651	5695
2		4651	5826
5
14	9	2	3	12	
156	202	158	80	128	
14	9	2	3	12	
2		3917	5261
2		3917	5826
3		3917	3313	3460
2		3917	4651
2		3917	5695
3
7	20	17	
60	128	120	
7	20	17	
2		6543	6549
2		6543	8030
2		6543	8018
4
86	0	9	2	
44	54	106	164	
86	0	9	2	
2		5225	4632
2		5225	4486
2		5225	5826
2		5225	3460
3
20	17	5	
104	150	60	
20	17	5	
2		6549	8030
2		6549	8018
2		6549	6543
3
22	20	9	
122	108	118	
22	20	9	
2		7002	8195
2		7002	8030
2		7002	5826
9
0	2	3	4	20	6	22	8	12	
122	184	122	202	226	106	164	118	198	
0	2	3	4	20	6	22	8	12	
2		5826	4486
3		5826	3754	3460
2		5826	4651
2		5826	3917
2		5826	8030
2		5826	5225
2		5826	8195
2		5826	7002
2		5826	5695
1
22	
100	
22	
2		7016	8195
3
22	23	12	
112	38	122	
22	23	12	
2		7019	8195
2		7019	7465
2		7019	5695
7
14	3	4	22	23	9	11	
112	108	128	234	144	198	122	
14	3	4	22	23	9	11	
2		5695	5261
2		5695	4651
2		5695	3917
2		5695	8195
2		5695	7465
3		5695	5246	5826
2		5695	7019
3
15	24	25	
78	138	24	
15	24	25	
2		6887	6598
2		6887	8508
2		6887	7184
2
4	12	
156	112	
4	12	
2		5261	3917
2		5261	5695
5
24	25	26	28	13	
192	76	94	202	78	
24	25	26	28	13	
2		6598	8508
2		6598	7184
2		6598	7931
2		6598	8537
2		6598	6887
3
18	31	29	
10	122	20	
18	31	29	
2		9191	9192
2		9191	10531
2		9191	9487
3
7	20	5	
150	128	120	
7	20	5	
2		8018	6549
2		8018	8030
2		8018	6543
3
31	16	29	
118	10	24	
31	16	29	
2		9192	10531
2		9192	9191
2		9192	9487
3
31	32	20	
172	104	108	
31	32	20	
3		9207	10537	10531
2		9207	10103
2		9207	8030
9
31	32	17	19	5	22	7	8	9	
280	144	128	108	128	190	104	108	226	
31	32	17	19	5	22	7	8	9	
3		8030	10537	10531
2		8030	10103
2		8030	8018
2		8030	9207
2		8030	6543
2		8030	8195
2		8030	6549
2		8030	7002
2		8030	5826
3
22	35	32	
118	42	94	
22	35	32	
2		9222	8195
2		9222	9669
2		9222	10103
13
20	21	23	24	32	35	36	37	8	9	10	11	12	
190	118	120	202	212	124	220	192	122	164	100	112	234	
20	21	23	24	32	35	36	37	8	9	10	11	12	
2		8195	8030
2		8195	9222
2		8195	7465
2		8195	8508
2		8195	10103
2		8195	9669
3		8195	9827	10861
2		8195	10133
2		8195	7002
2		8195	5826
2		8195	7016
2		8195	7019
2		8195	5695
3
22	11	12	
120	38	144	
22	11	12	
2		7465	8195
2		7465	7019
2		7465	5695
8
15	36	37	22	39	25	26	13	
192	220	122	202	212	122	190	138	
15	36	37	22	39	25	26	13	
2		8508	6598
2		8508	10861
2		8508	10133
3		8508	8796	8195
2		8508	10448
2		8508	7184
3		8508	8807	7931
2		8508	6887
3
15	24	13	
76	122	24	
15	24	13	
2		7184	6598
2		7184	8508
2		7184	6887
5
15	39	24	28	37	
94	256	190	156	254	
15	39	24	28	37	
2		7931	6598
6		7931	8080	8081	8230	10446	10448
2		7931	8508
2		7931	8537
2		7931	10133
2
39	28	
116	102	
39	28	
2		8972	10448
2		8972	8537
6
15	41	26	42	27	44	
202	96	156	156	102	220	
15	41	26	42	27	44	
2		8537	6598
2		8537	9717
2		8537	7931
2		8537	10613
2		8537	8972
2		8537	10920
3
18	31	16	
24	108	20	
18	31	16	
2		9487	9192
2		9487	10531
2		9487	9191
1
31	
142	
31	
3		10520	10382	10531
10
30	47	16	32	33	49	18	19	20	29	
142	134	122	180	124	126	118	172	280	108	
30	47	16	32	33	49	18	19	20	29	
2		10531	10520
2		10531	12161
2		10531	9191
2		10531	10103
2		10531	11429
2		10531	11872
2		10531	9192
3		10531	10391	9207
3		10531	9362	8030
2		10531	9487
6
22	31	19	35	20	21	
212	180	104	112	144	94	
22	31	19	35	20	21	
2		10103	8195
2		10103	10531
2		10103	9207
2		10103	9669
2		10103	8030
2		10103	9222
3
31	47	49	
124	100	34	
31	47	49	
2		11429	10531
2		11429	12161
2		11429	11872
3
50	51	36	
128	28	124	
50	51	36	
2		11739	13212
2		11739	12037
2		11739	10861
3
22	32	21	
124	112	42	
22	32	21	
2		9669	8195
2		9669	10103
2		9669	9222
8
34	50	51	52	37	22	54	24	
124	234	112	164	140	220	226	220	
34	50	51	52	37	22	54	24	
2		10861	11739
2		10861	13212
2		10861	12037
2		10861	12935
2		10861	10133
3		10861	9237	8195
2		10861	13244
2		10861	8508
7
36	52	22	54	39	24	26	
140	230	192	268	222	122	254	
36	52	22	54	39	24	26	
2		10133	10861
2		10133	12935
2		10133	8195
2		10133	13244
2		10133	10448
2		10133	8508
2		10133	7931
2
55	40	
50	70	
55	40	
2		11175	11915
2		11175	11182
8
37	24	56	41	57	26	42	27	
222	212	190	110	226	256	260	116	
37	24	56	41	57	26	42	27	
2		10448	10133
2		10448	8508
2		10448	12963
2		10448	9717
2		10448	12978
4		10448	10148	9408	7931
4		10448	11342	11057	10613
2		10448	8972
2
38	56	
70	140	
38	56	
2		11182	11175
2		11182	12963
2
39	28	
110	96	
39	28	
2		9717	10448
2		9717	8537
5
39	56	57	28	44	
260	270	196	156	126	
39	56	57	28	44	
4		10613	11351	10744	10448
3		10613	12968	12963
2		10613	12978
2		10613	8537
2		10613	10920
3
58	44	57	
56	80	122	
58	44	57	
2		11654	12250
2		11654	10920
2		11654	12978
5
57	42	58	43	28	
196	126	98	80	220	
57	42	58	43	28	
2		10920	12978
2		10920	10613
2		10920	12250
2		10920	11654
2		10920	8537
3
46	59	60	
24	130	120	
46	59	60	
2		11819	11673
2		11819	13442
2		11819	13304
3
59	60	45	
148	122	24	
59	60	45	
2		11673	13442
2		11673	13304
2		11673	11819
3
31	33	49	
134	100	78	
31	33	49	
2		12161	10531
2		12161	11429
2		12161	11872
1
50	
106	
50	
2		13795	13212
3
47	31	33	
78	126	34	
47	31	33	
2		11872	12161
2		11872	10531
2		11872	11429
6
48	34	51	36	53	61	
106	128	122	234	84	82	
48	34	51	36	53	61	
2		13212	13795
2		13212	11739
2		13212	12037
2		13212	10861
2		13212	13368
2		13212	14245
3
50	34	36	
122	28	112	
50	34	36	
2		12037	13212
2		12037	11739
2		12037	10861
4
54	63	36	37	
138	158	164	230	
54	63	36	37	
2		12935	13244
2		12935	14852
2		12935	10861
2		12935	10133
1
50	
84	
50	
2		13368	13212
6
56	65	67	52	36	37	
158	122	192	138	226	268	
56	65	67	52	36	37	
2		13244	12963
2		13244	14869
2		13244	15182
2		13244	12935
2		13244	10861
3		13244	11316	10133
1
38	
50	
38	
2		11915	11175
8
65	67	69	54	39	40	57	42	
232	154	224	158	190	140	150	270	
65	67	69	54	39	40	57	42	
2		12963	14869
2		12963	15182
2		12963	15347
2		12963	13244
3		12963	11486	10448
2		12963	11182
2		12963	12978
3		12963	10910	10613
8
67	69	39	56	42	58	43	44	
220	164	226	150	196	140	122	196	
67	69	39	56	42	58	43	44	
2		12978	15182
2		12978	15347
2		12978	10448
2		12978	12963
3		12978	12236	10613
2		12978	12250
2		12978	11654
2		12978	10920
3
43	44	57	
56	98	140	
43	44	57	
2		12250	11654
2		12250	10920
2		12250	12978
4
46	70	60	45	
148	164	104	130	
46	70	60	45	
2		13442	11673
2		13442	15213
2		13442	13304
2		13442	11819
4
46	71	59	45	
122	104	104	120	
46	71	59	45	
2		13304	11673
2		13304	14783
2		13304	13442
2		13304	11819
1
50	
82	
50	
2		14245	13212
1
63	
82	
63	
2		15289	14852
2
62	52	
82	158	
62	52	
2		14852	15289
2		14852	12935
3
74	72	65	
66	72	132	
74	72	65	
2		16043	16640
2		16043	16928
2		16043	14869
6
54	64	56	72	74	67	
122	132	232	192	140	210	
54	64	56	72	74	67	
2		14869	13244
2		14869	16043
2		14869	12963
2		14869	16928
2		14869	16640
2		14869	15182
3
67	75	77	
118	128	56	
67	75	77	
2		16209	15182
2		16209	17682
2		16209	16805
8
65	66	69	54	56	57	75	77	
210	118	174	192	154	220	234	130	
65	66	69	54	56	57	75	77	
2		15182	14869
2		15182	16209
2		15182	15347
2		15182	13244
2		15182	12963
2		15182	12978
2		15182	17682
2		15182	16805
3
78	79	69	
130	128	118	
78	79	69	
2		16374	17997
2		16374	17420
2		16374	15347
8
78	79	81	67	68	70	56	57	
236	152	184	174	118	144	224	164	
78	79	81	67	68	70	56	57	
2		15347	17997
3		15347	16974	17420
2		15347	17283
2		15347	15182
2		15347	16374
2		15347	15213
2		15347	12963
2		15347	12978
5
79	71	81	59	69	
248	236	148	164	144	
79	71	81	59	69	
4		15213	16237	17123	17420
3		15213	14619	14783
2		15213	17283
2		15213	13442
2		15213	15347
2
70	60	
236	104	
70	60	
3		14783	14472	15213
2		14783	13304
3
74	64	65	
88	72	192	
74	64	65	
2		16928	16640
2		16928	16043
2		16928	14869
1
75	
96	
75	
2		18266	17682
3
64	72	65	
66	88	140	
64	72	65	
2		16640	16043
2		16640	16928
2		16640	14869
5
73	66	82	67	77	
96	128	102	234	142	
73	66	82	67	77	
2		17682	18266
2		17682	16209
2		17682	19011
2		17682	15182
2		17682	16805
3
78	83	84	
130	72	118	
78	83	84	
2		18726	17997
2		18726	19611
2		18726	19771
3
66	67	75	
56	130	142	
66	67	75	
2		16805	16209
2		16805	15182
2		16805	17682
8
79	80	83	68	84	69	85	76	
174	102	184	130	136	236	136	130	
79	80	83	68	84	69	85	76	
2		17997	17420
2		17997	18450
2		17997	19611
2		17997	16374
2		17997	19771
2		17997	15347
2		17997	19486
2		17997	18726
5
78	70	81	68	69	
174	248	130	128	152	
78	70	81	68	69	
2		17420	17997
3		17420	15208	15213
2		17420	17283
2		17420	16374
2		17420	15347
3
78	84	85	
102	146	70	
78	84	85	
2		18450	17997
2		18450	19771
2		18450	19486
3
70	79	69	
148	130	184	
70	79	69	
2		17283	15213
3		17283	17719	17420
2		17283	15347
1
75	
102	
75	
2		19011	17682
3
78	84	76	
184	124	72	
78	84	76	
2		19611	17997
2		19611	19771
2		19611	18726
5
78	80	83	76	85	
136	146	124	118	118	
78	80	83	76	85	
2		19771	17997
2		19771	18450
2		19771	19611
2		19771	18726
2		19771	19486
3
78	80	84	
136	70	118	
78	80	84	
2		19486	17997
2		19486	18450
2		19486	19771
1
6	
44	
6	
2		4632	5225
