992
2431	3759	10001	1	3760	
2431	4347	10002	2	4352	4495	
2431	4504	10003	1	4059	
2431	5531	10004	2	4059	4504	
2431	5951	10005	3	4059	4504	7586	
2431	5959	10006	4	4059	4504	5531	7586	
2431	6005	10007	2	6579	9827	
2431	6009	10008	5	4059	4504	9827	9826	6157	
2431	6578	10009	3	4059	4504	6579	
2431	8525	10010	5	4059	4504	9827	9826	8672	
2431	8678	10011	3	4059	9827	8087	
2431	9191	10012	4	4059	4504	5531	10685	
2431	9826	10013	3	6579	6578	9827	
2431	9870	10014	6	4059	6579	6578	9827	9826	9428	
2431	10072	10015	2	4059	10685	
2431	10156	10016	2	4059	9827	
2431	10290	10017	6	6579	9827	10149	11340	10752	11630	
2431	10752	10018	6	4059	6579	6578	9827	9826	11340	
2431	10902	10019	3	4059	9827	11340	
2431	11212	10020	4	6579	9827	8087	10622	
2431	11298	10021	5	4059	4504	9827	9826	11300	
2431	11673	10022	8	4059	6579	6578	9827	9826	14280	14277	14320	
2431	13071	10023	3	4059	9827	13069	
2431	13229	10024	5	4059	4504	9827	9826	13230	
2431	14277	10025	3	4059	9827	14280	
2431	14710	10026	5	4059	9827	13230	13229	14708	
2431	15362	10027	6	4059	6579	6578	9827	9826	13230	
2431	17235	10028	6	4059	6579	6578	9827	9826	15473	
2431	17272	10029	8	4059	6579	6578	9827	9826	14280	14277	15784	
2431	17853	10030	4	4059	9827	14280	15784	
2431	19625	10031	6	6579	9827	13230	15784	17853	19627	
3759	2431	20000	0
3759	4347	20002	1	4792	
3759	4504	20003	1	4208	
3759	5531	20004	1	4208	
3759	5951	20005	3	4208	5531	7586	
3759	5959	20006	3	4208	5531	7586	
3759	6005	20007	4	4208	4504	6579	9827	
3759	6009	20008	5	4208	4504	9827	9826	6157	
3759	6578	20009	3	4208	4504	6579	
3759	8525	20010	5	4208	4504	9827	9826	8672	
3759	8678	20011	2	9827	8087	
3759	9191	20012	3	4208	5531	10685	
3759	9826	20013	2	4208	9827	
3759	9870	20014	6	4208	6579	6578	9827	9826	9428	
3759	10072	20015	2	4208	10685	
3759	10156	20016	1	9827	
3759	10290	20017	6	4208	9827	10149	11340	10752	11630	
3759	10752	20018	6	4208	6579	6578	9827	9826	11340	
3759	10902	20019	3	4208	9827	11340	
3759	11212	20020	4	4208	9827	8087	10622	
3759	11298	20021	5	4208	4504	9827	9826	11300	
3759	11673	20022	8	4208	6579	6578	9827	9826	14280	14277	14320	
3759	13071	20023	2	9827	13069	
3759	13229	20024	5	4208	4504	9827	9826	13230	
3759	14277	20025	2	9827	14280	
3759	14710	20026	4	9827	13230	13229	14708	
3759	15362	20027	3	9827	9826	13230	
3759	17235	20028	6	4208	6579	6578	9827	9826	15473	
3759	17272	20029	8	4208	6579	6578	9827	9826	14280	14277	15784	
3759	17853	20030	4	4208	9827	14280	15784	
3759	19625	20031	8	4208	4504	6579	9827	13230	15784	17853	19627	
4347	2431	30000	1	4499	
4347	3759	30001	1	4499	
4347	4504	30003	3	4499	3759	4208	
4347	5531	30004	1	5530	
4347	5951	30005	3	5530	5531	7586	
4347	5959	30006	3	5530	5531	7586	
4347	6005	30007	1	9827	
4347	6009	30008	5	5530	5531	9827	9826	6157	
4347	6578	30009	3	5530	5531	7164	
4347	8525	30010	5	5530	5531	9827	9826	8672	
4347	8678	30011	2	9827	8087	
4347	9191	30012	3	5530	5531	10685	
4347	9826	30013	1	9827	
4347	9870	30014	6	5530	7164	6578	9827	9826	9428	
4347	10072	30015	1	10685	
4347	10156	30016	1	9827	
4347	10290	30017	5	9827	10149	11340	10752	11630	
4347	10752	30018	6	5530	7164	6578	9827	9826	11340	
4347	10902	30019	3	5530	9827	11340	
4347	11212	30020	3	9827	8087	10622	
4347	11298	30021	5	5530	5531	9827	9826	11300	
4347	11673	30022	8	5530	7164	6578	9827	9826	14280	14277	14320	
4347	13071	30023	2	9827	13069	
4347	13229	30024	5	5530	5531	9827	9826	13230	
4347	14277	30025	2	9827	14280	
4347	14710	30026	4	9827	13230	13229	14708	
4347	15362	30027	3	9827	9826	13230	
4347	17235	30028	6	5530	7164	6578	9827	9826	15473	
4347	17272	30029	8	5530	7164	6578	9827	9826	14280	14277	15784	
4347	17853	30030	4	5530	9827	14280	15784	
4347	19625	30031	5	9827	13230	15784	17853	19627	
4504	2431	40000	0
4504	3759	40001	0
4504	4347	40002	2	3759	4792	
4504	5531	40004	0
4504	5951	40005	1	7586	
4504	5959	40006	2	5531	7586	
4504	6005	40007	2	6579	9827	
4504	6009	40008	3	9827	9826	6157	
4504	6578	40009	1	6579	
4504	8525	40010	3	9827	9826	8672	
4504	8678	40011	4	6579	6578	9827	8087	
4504	9191	40012	2	5531	10685	
4504	9826	40013	3	6579	6578	9827	
4504	9870	40014	5	6579	6578	9827	9826	9428	
4504	10072	40015	1	10685	
4504	10156	40016	3	6579	6578	9827	
4504	10290	40017	6	6579	9827	10149	11340	10752	11630	
4504	10752	40018	5	6579	6578	9827	9826	11340	
4504	10902	40019	3	6579	9827	11340	
4504	11212	40020	4	6579	9827	8087	10622	
4504	11298	40021	3	9827	9826	11300	
4504	11673	40022	7	6579	6578	9827	9826	14280	14277	14320	
4504	13071	40023	4	6579	6578	9827	13069	
4504	13229	40024	3	9827	9826	13230	
4504	14277	40025	4	6579	6578	9827	14280	
4504	14710	40026	6	6579	6578	9827	13230	13229	14708	
4504	15362	40027	5	6579	6578	9827	9826	13230	
4504	17235	40028	5	6579	6578	9827	9826	15473	
4504	17272	40029	7	6579	6578	9827	9826	14280	14277	15784	
4504	17853	40030	4	6579	9827	14280	15784	
4504	19625	40031	6	6579	9827	13230	15784	17853	19627	
5531	2431	50000	1	4504	
5531	3759	50001	1	4504	
5531	4347	50002	0
5531	4504	50003	0
5531	5951	50005	1	7586	
5531	5959	50006	1	7586	
5531	6005	50007	2	7164	9827	
5531	6009	50008	3	9827	9826	6157	
5531	6578	50009	1	7164	
5531	8525	50010	3	9827	9826	8672	
5531	8678	50011	4	7164	6578	9827	8087	
5531	9191	50012	1	10685	
5531	9826	50013	3	7164	6578	9827	
5531	9870	50014	5	7164	6578	9827	9826	9428	
5531	10072	50015	1	10685	
5531	10156	50016	3	7164	6578	9827	
5531	10290	50017	6	7164	9827	10149	11340	10752	11630	
5531	10752	50018	5	7164	6578	9827	9826	11340	
5531	10902	50019	3	7164	9827	11340	
5531	11212	50020	4	7164	9827	8087	10622	
5531	11298	50021	3	9827	9826	11300	
5531	11673	50022	7	7164	6578	9827	9826	14280	14277	14320	
5531	13071	50023	4	7164	6578	9827	13069	
5531	13229	50024	3	9827	9826	13230	
5531	14277	50025	4	7164	6578	9827	14280	
5531	14710	50026	6	7164	6578	9827	13230	13229	14708	
5531	15362	50027	5	7164	6578	9827	9826	13230	
5531	17235	50028	5	7164	6578	9827	9826	15473	
5531	17272	50029	7	7164	6578	9827	9826	14280	14277	15784	
5531	17853	50030	4	7164	9827	14280	15784	
5531	19625	50031	6	7164	14280	14277	15784	17853	19627	
5951	2431	60000	3	7882	5531	4504	
5951	3759	60001	3	7882	5531	4504	
5951	4347	60002	3	6252	7882	5531	
5951	4504	60003	2	6252	7882	
5951	5531	60004	3	6252	5959	7882	
5951	5959	60006	1	6252	
5951	6005	60007	5	6252	5959	7883	6872	9827	
5951	6009	60008	7	6252	5959	7883	6872	9827	9826	6157	
5951	6578	60009	3	6252	7883	6872	
5951	8525	60010	7	6252	5959	7883	6872	9827	9826	8672	
5951	8678	60011	6	6252	7883	6872	6578	9827	8087	
5951	9191	60012	3	7882	5531	10685	
5951	9826	60013	4	7883	6872	6578	9827	
5951	9870	60014	4	6252	7883	8672	9428	
5951	10072	60015	4	6252	5959	7882	10685	
5951	10156	60016	2	6252	7883	
5951	10290	60017	7	7883	6872	9827	10149	11340	10752	11630	
5951	10752	60018	4	6252	7883	10156	11340	
5951	10902	60019	3	7883	10156	11340	
5951	11212	60020	5	7883	6872	9827	8087	10622	
5951	11298	60021	7	6252	5959	7883	6872	9827	9826	11300	
5951	11673	60022	9	6252	7883	6872	6578	9827	9826	14280	14277	14320	
5951	13071	60023	6	6252	7883	6872	6578	9827	13069	
5951	13229	60024	7	6252	5959	7883	6872	9827	9826	13230	
5951	14277	60025	6	6252	7883	6872	6578	9827	14280	
5951	14710	60026	8	6252	7883	6872	6578	9827	13230	13229	14708	
5951	15362	60027	7	6252	7883	6872	6578	9827	9826	13230	
5951	17235	60028	7	6252	7883	6872	6578	9827	9826	15473	
5951	17272	60029	9	6252	7883	6872	6578	9827	9826	14280	14277	15784	
5951	17853	60030	5	7883	6872	9827	14280	15784	
5951	19625	60031	7	7883	6872	14280	14277	15784	17853	19627	
5959	2431	70000	3	7882	5531	4504	
5959	3759	70001	3	7882	5531	4504	
5959	4347	70002	2	7882	5531	
5959	4504	70003	1	7882	
5959	5531	70004	1	7882	
5959	5951	70005	0
5959	6005	70007	3	7883	6872	9827	
5959	6009	70008	5	7883	6872	9827	9826	6157	
5959	6578	70009	2	7883	6872	
5959	8525	70010	5	7883	6872	9827	9826	8672	
5959	8678	70011	5	7883	6872	6578	9827	8087	
5959	9191	70012	3	7882	5531	10685	
5959	9826	70013	4	7883	6872	6578	9827	
5959	9870	70014	3	7883	8672	9428	
5959	10072	70015	2	7882	10685	
5959	10156	70016	1	7883	
5959	10290	70017	7	7883	6872	9827	10149	11340	10752	11630	
5959	10752	70018	3	7883	10156	11340	
5959	10902	70019	3	7883	10156	11340	
5959	11212	70020	5	7883	6872	9827	8087	10622	
5959	11298	70021	5	7883	6872	9827	9826	11300	
5959	11673	70022	8	7883	6872	6578	9827	9826	14280	14277	14320	
5959	13071	70023	5	7883	6872	6578	9827	13069	
5959	13229	70024	5	7883	6872	9827	9826	13230	
5959	14277	70025	5	7883	6872	6578	9827	14280	
5959	14710	70026	7	7883	6872	6578	9827	13230	13229	14708	
5959	15362	70027	6	7883	6872	6578	9827	9826	13230	
5959	17235	70028	6	7883	6872	6578	9827	9826	15473	
5959	17272	70029	8	7883	6872	6578	9827	9826	14280	14277	15784	
5959	17853	70030	5	7883	6872	9827	14280	15784	
5959	19625	70031	7	7883	6872	14280	14277	15784	17853	19627	
6005	2431	80000	1	9826	
6005	3759	80001	2	9826	6578	
6005	4347	80002	3	9826	6578	7014	
6005	4504	80003	1	9826	
6005	5531	80004	3	9826	6578	7014	
6005	5951	80005	3	9826	6578	7734	
6005	5959	80006	3	9826	6578	7734	
6005	6009	80008	1	6305	
6005	6578	80009	1	9826	
6005	8525	80010	3	6305	6009	8378	
6005	8678	80011	1	8087	
6005	9191	80012	5	9826	6578	7014	5531	10685	
6005	9826	80013	0
6005	9870	80014	3	6305	6009	9428	
6005	10072	80015	3	9826	6578	10371	
6005	10156	80016	3	8378	8525	10149	
6005	10290	80017	7	6305	6009	8378	8525	11340	10752	11630	
6005	10752	80018	4	6305	6009	8378	11340	
6005	10902	80019	6	6305	6009	8378	8525	10149	11340	
6005	11212	80020	2	8087	10622	
6005	11298	80021	0
6005	11673	80022	5	6305	8378	11340	10902	14760	
6005	13071	80023	1	13069	
6005	13229	80024	2	9826	13230	
6005	14277	80025	1	14280	
6005	14710	80026	3	13230	13229	14708	
6005	15362	80027	5	6305	8378	11340	10902	15356	
6005	17235	80028	5	6305	8378	11340	10902	17237	
6005	17272	80029	5	6305	8378	11340	10902	17271	
6005	17853	80030	3	6305	8378	17271	
6005	19625	80031	4	11340	17271	17853	19627	
6009	2431	90000	1	9826	
6009	3759	90001	2	9826	6578	
6009	4347	90002	3	9826	6578	7014	
6009	4504	90003	1	9826	
6009	5531	90004	3	9826	6578	7014	
6009	5951	90005	3	9826	6578	7734	
6009	5959	90006	3	9826	6578	7734	
6009	6005	90007	1	6154	
6009	6578	90009	1	9826	
6009	8525	90010	1	8378	
6009	8678	90011	3	8378	8525	8087	
6009	9191	90012	5	9826	6578	7014	5531	10685	
6009	9826	90013	0
6009	9870	90014	1	9428	
6009	10072	90015	3	9826	6578	10371	
6009	10156	90016	3	8378	8525	10149	
6009	10290	90017	5	8378	8525	11340	10752	11630	
6009	10752	90018	2	8378	11340	
6009	10902	90019	4	8378	8525	10149	11340	
6009	11212	90020	3	8378	8525	10622	
6009	11298	90021	0
6009	11673	90022	4	8378	11340	10902	14760	
6009	13071	90023	3	11300	11298	13069	
6009	13229	90024	0
6009	14277	90025	1	14280	
6009	14710	90026	1	14708	
6009	15362	90027	4	8378	11340	10902	15356	
6009	17235	90028	4	8378	11340	10902	17237	
6009	17272	90029	4	8378	11340	10902	17271	
6009	17853	90030	1	17271	
6009	19625	90031	6	8378	10149	10156	17271	17853	19627	
6578	2431	100000	0
6578	3759	100001	0
6578	4347	100002	1	7014	
6578	4504	100003	0
6578	5531	100004	1	7014	
6578	5951	100005	1	7734	
6578	5959	100006	1	7734	
6578	6005	100007	1	9827	
6578	6009	100008	3	9827	9826	6157	
6578	8525	100010	3	9827	9826	8672	
6578	8678	100011	2	9827	8087	
6578	9191	100012	3	7014	5531	10685	
6578	9826	100013	1	9827	
6578	9870	100014	3	9827	9826	9428	
6578	10072	100015	1	10371	
6578	10156	100016	1	9827	
6578	10290	100017	5	9827	10149	11340	10752	11630	
6578	10752	100018	3	9827	9826	11340	
6578	10902	100019	2	9827	11340	
6578	11212	100020	3	9827	8087	10622	
6578	11298	100021	3	9827	9826	11300	
6578	11673	100022	5	9827	9826	14280	14277	14320	
6578	13071	100023	2	9827	13069	
6578	13229	100024	3	9827	9826	13230	
6578	14277	100025	2	9827	14280	
6578	14710	100026	4	9827	13230	13229	14708	
6578	15362	100027	3	9827	9826	13230	
6578	17235	100028	3	9827	9826	15473	
6578	17272	100029	5	9827	9826	14280	14277	15784	
6578	17853	100030	3	9827	14280	15784	
6578	19625	100031	5	9827	13230	15784	17853	19627	
8525	2431	110000	1	9826	
8525	3759	110001	2	9826	6578	
8525	4347	110002	3	9826	6578	7014	
8525	4504	110003	1	9826	
8525	5531	110004	3	9826	6578	7014	
8525	5951	110005	3	9826	6578	7734	
8525	5959	110006	3	9826	6578	7734	
8525	6005	110007	2	6009	6154	
8525	6009	110008	0
8525	6578	110009	1	9826	
8525	8678	110011	1	8087	
8525	9191	110012	5	9826	6578	7014	5531	10685	
8525	9826	110013	0
8525	9870	110014	3	8087	8678	9428	
8525	10072	110015	3	9826	6578	10371	
8525	10156	110016	1	10149	
8525	10290	110017	3	11340	10752	11630	
8525	10752	110018	3	10149	10156	11340	
8525	10902	110019	2	10149	11340	
8525	11212	110020	1	10622	
8525	11298	110021	0
8525	11673	110022	3	11340	10902	14760	
8525	13071	110023	3	11300	11298	13069	
8525	13229	110024	2	9826	13230	
8525	14277	110025	4	9826	13230	13229	14280	
8525	14710	110026	4	9826	13230	13229	14708	
8525	15362	110027	3	11340	10902	15356	
8525	17235	110028	3	11340	10902	17237	
8525	17272	110029	3	11340	10902	17271	
8525	17853	110030	5	10149	10156	11340	10902	17271	
8525	19625	110031	5	10149	10156	17271	17853	19627	
8678	2431	120000	1	9826	
8678	3759	120001	2	9826	6578	
8678	4347	120002	3	9826	6578	7014	
8678	4504	120003	2	7938	9826	
8678	5531	120004	3	9826	6578	7014	
8678	5951	120005	3	9826	6578	7734	
8678	5959	120006	3	9826	6578	7734	
8678	6005	120007	0
8678	6009	120008	0
8678	6578	120009	3	7938	8525	9826	
8678	8525	120010	1	7938	
8678	9191	120012	7	7938	8525	9826	6578	7014	5531	10685	
8678	9826	120013	0
8678	9870	120014	1	9428	
8678	10072	120015	5	7938	8525	9826	6578	10371	
8678	10156	120016	1	10158	
8678	10290	120017	3	11340	10752	11630	
8678	10752	120018	3	10158	10156	11340	
8678	10902	120019	2	10158	11340	
8678	11212	120020	3	9428	9870	10622	
8678	11298	120021	0
8678	11673	120022	3	11340	10902	14760	
8678	13071	120023	2	11298	13069	
8678	13229	120024	3	7938	9826	13230	
8678	14277	120025	2	10158	11340	
8678	14710	120026	4	9826	13230	13229	14708	
8678	15362	120027	1	15356	
8678	17235	120028	3	11340	10902	17237	
8678	17272	120029	3	11340	10902	17271	
8678	17853	120030	5	10158	10156	11340	10902	17271	
8678	19625	120031	5	10158	10156	17271	17853	19627	
9191	2431	130000	1	10391	
9191	3759	130001	1	10391	
9191	4347	130002	1	10391	
9191	4504	130003	1	10391	
9191	5531	130004	1	10391	
9191	5951	130005	1	10391	
9191	5959	130006	1	10391	
9191	6005	130007	2	7164	9827	
9191	6009	130008	5	10391	5531	9827	9826	6157	
9191	6578	130009	3	10391	5531	7164	
9191	8525	130010	5	10391	5531	9827	9826	8672	
9191	8678	130011	6	10391	5531	7164	6578	9827	8087	
9191	9826	130013	3	7164	6578	9827	
9191	9870	130014	6	10391	7164	6578	9827	9826	9428	
9191	10072	130015	1	10371	
9191	10156	130016	0
9191	10290	130017	4	10149	11340	10752	11630	
9191	10752	130018	6	10391	7164	6578	9827	9826	11340	
9191	10902	130019	3	10391	10156	11340	
9191	11212	130020	1	10622	
9191	11298	130021	5	10391	5531	9827	9826	11300	
9191	11673	130022	8	10391	7164	6578	9827	9826	14280	14277	14320	
9191	13071	130023	6	10391	5531	7164	6578	9827	13069	
9191	13229	130024	5	10391	5531	9827	9826	13230	
9191	14277	130025	6	10391	5531	7164	6578	9827	14280	
9191	14710	130026	8	10391	5531	7164	6578	9827	13230	13229	14708	
9191	15362	130027	6	10391	7164	6578	9827	9826	13230	
9191	17235	130028	6	10391	7164	6578	9827	9826	15473	
9191	17272	130029	8	10391	7164	6578	9827	9826	14280	14277	15784	
9191	17853	130030	5	10391	7164	9827	14280	15784	
9191	19625	130031	6	7164	14280	14277	15784	17853	19627	
9826	2431	140000	0
9826	3759	140001	1	6578	
9826	4347	140002	2	6578	7014	
9826	4504	140003	0
9826	5531	140004	2	6578	7014	
9826	5951	140005	2	6578	7734	
9826	5959	140006	2	6578	7734	
9826	6005	140007	0
9826	6009	140008	1	6157	
9826	6578	140009	0
9826	8525	140010	1	8672	
9826	8678	140011	3	8672	8525	8087	
9826	9191	140012	4	6578	7014	5531	10685	
9826	9870	140014	1	9428	
9826	10072	140015	2	6578	10371	
9826	10156	140016	0
9826	10290	140017	4	10156	11340	10752	11630	
9826	10752	140018	1	11340	
9826	10902	140019	1	11340	
9826	11212	140020	3	8672	8525	10622	
9826	11298	140021	1	11300	
9826	11673	140022	3	14280	14277	14320	
9826	13071	140023	3	11300	11298	13069	
9826	13229	140024	1	13230	
9826	14277	140025	3	13230	13229	14280	
9826	14710	140026	3	13230	13229	14708	
9826	15362	140027	1	13230	
9826	17235	140028	1	15473	
9826	17272	140029	3	14280	14277	15784	
9826	17853	140030	2	14280	15784	
9826	19625	140031	4	13230	15784	17853	19627	
9870	2431	150000	3	8683	8678	9826	
9870	3759	150001	4	8683	8678	9826	6578	
9870	4347	150002	4	8683	9826	6578	7014	
9870	4504	150003	2	7938	9826	
9870	5531	150004	5	8683	8678	9826	6578	7014	
9870	5951	150005	4	8683	9826	6578	7734	
9870	5959	150006	5	8683	8678	9826	6578	7734	
9870	6005	150007	0
9870	6009	150008	0
9870	6578	150009	3	7938	8525	9826	
9870	8525	150010	3	8683	8678	7938	
9870	8678	150011	1	8683	
9870	9191	150012	6	8683	9826	6578	7014	5531	10685	
9870	9826	150013	1	8683	
9870	10072	150015	6	8683	7938	8525	9826	6578	10371	
9870	10156	150016	1	8683	
9870	10290	150017	2	11499	11630	
9870	10752	150018	3	11499	10902	10900	
9870	10902	150019	1	11499	
9870	11212	150020	1	10622	
9870	11298	150021	1	7938	
9870	11673	150022	3	11499	10902	14760	
9870	13071	150023	3	8683	11298	13069	
9870	13229	150024	3	7938	9826	13230	
9870	14277	150025	1	11499	
9870	14710	150026	5	8683	9826	13230	13229	14708	
9870	15362	150027	3	10622	11212	15356	
9870	17235	150028	3	11499	10902	17237	
9870	17272	150029	3	11499	10902	17271	
9870	17853	150030	2	11499	17271	
9870	19625	150031	3	17271	17853	19627	
10072	2431	160000	1	10391	
10072	3759	160001	1	10391	
10072	4347	160002	2	9784	10391	
10072	4504	160003	2	9784	10391	
10072	5531	160004	3	9784	9191	10391	
10072	5951	160005	1	10391	
10072	5959	160006	1	10391	
10072	6005	160007	3	9784	7164	9827	
10072	6009	160008	4	7164	9827	9826	6157	
10072	6578	160009	1	7164	
10072	8525	160010	4	7164	9827	9826	8672	
10072	8678	160011	7	9784	10391	5531	7164	6578	9827	8087	
10072	9191	160012	1	9784	
10072	9826	160013	5	9784	9191	7164	6578	9827	
10072	9870	160014	5	7164	6578	9827	9826	9428	
10072	10156	160016	0
10072	10290	160017	6	7164	9827	10149	11340	10752	11630	
10072	10752	160018	5	7164	6578	9827	9826	11340	
10072	10902	160019	3	7164	9827	11340	
10072	11212	160020	4	7164	9827	8087	10622	
10072	11298	160021	4	7164	9827	9826	11300	
10072	11673	160022	7	7164	6578	9827	9826	14280	14277	14320	
10072	13071	160023	7	9784	10391	5531	7164	6578	9827	13069	
10072	13229	160024	4	7164	9827	9826	13230	
10072	14277	160025	7	9784	10391	5531	7164	6578	9827	14280	
10072	14710	160026	9	9784	10391	5531	7164	6578	9827	13230	13229	14708	
10072	15362	160027	6	9784	7164	6578	9827	9826	13230	
10072	17235	160028	5	7164	6578	9827	9826	15473	
10072	17272	160029	7	7164	6578	9827	9826	14280	14277	15784	
10072	17853	160030	4	7164	9827	14280	15784	
10072	19625	160031	6	7164	14280	14277	15784	17853	19627	
10156	2431	170000	1	9826	
10156	3759	170001	2	9826	6578	
10156	4347	170002	3	9826	6578	7014	
10156	4504	170003	2	9850	9826	
10156	5531	170004	3	9826	6578	7014	
10156	5951	170005	3	9826	6578	7734	
10156	5959	170006	3	9826	6578	7734	
10156	6005	170007	0
10156	6009	170008	0
10156	6578	170009	3	9850	8525	9826	
10156	8525	170010	1	9850	
10156	8678	170011	0
10156	9191	170012	7	9850	8525	9826	6578	7014	5531	10685	
10156	9826	170013	0
10156	9870	170014	2	8678	9428	
10156	10072	170015	5	9850	8525	9826	6578	10371	
10156	10290	170017	3	11340	10752	11630	
10156	10752	170018	1	11340	
10156	10902	170019	1	11340	
10156	11212	170020	4	11340	10902	11060	10621	
10156	11298	170021	0
10156	11673	170022	3	11340	10902	14760	
10156	13071	170023	2	11298	13069	
10156	13229	170024	3	9850	9826	13230	
10156	14277	170025	1	11340	
10156	14710	170026	4	9826	13230	13229	14708	
10156	15362	170027	3	11340	10902	15356	
10156	17235	170028	3	11340	10902	17237	
10156	17272	170029	3	11340	10902	17271	
10156	17853	170030	3	11340	10902	17271	
10156	19625	170031	3	17271	17853	19627	
10290	2431	180000	3	11634	9850	9826	
10290	3759	180001	4	11634	9850	9826	6578	
10290	4347	180002	5	11634	11042	9826	6578	7014	
10290	4504	180003	3	11634	9850	9826	
10290	5531	180004	5	11634	9850	9826	6578	7014	
10290	5951	180005	5	11634	11042	9826	6578	7734	
10290	5959	180006	5	11634	9850	9826	6578	7734	
10290	6005	180007	1	11634	
10290	6009	180008	1	11634	
10290	6578	180009	5	11634	10156	9850	8525	9826	
10290	8525	180010	2	11634	9850	
10290	8678	180011	2	11634	11042	
10290	9191	180012	7	11634	11042	9826	6578	7014	5531	10685	
10290	9826	180013	2	11634	10156	
10290	9870	180014	3	11634	10902	11205	
10290	10072	180015	6	11634	9850	8525	9826	6578	10371	
10290	10156	180016	1	11634	
10290	10752	180018	1	11634	
10290	10902	180019	1	11634	
10290	11212	180020	4	11634	10902	11060	10621	
10290	11298	180021	2	11634	9850	
10290	11673	180022	3	11634	10902	14760	
10290	13071	180023	6	11634	11042	9826	11300	11298	13069	
10290	13229	180024	1	11634	
10290	14277	180025	1	11634	
10290	14710	180026	4	11634	13242	13229	14708	
10290	15362	180027	3	11634	10902	15356	
10290	17235	180028	3	11634	10902	17237	
10290	17272	180029	3	11634	10902	17271	
10290	17853	180030	3	11634	10902	17271	
10290	19625	180031	3	17271	17853	19627	
10752	2431	190000	3	11042	10156	9826	
10752	3759	190001	4	11042	10156	9826	6578	
10752	4347	190002	4	11042	9826	6578	7014	
10752	4504	190003	1	9826	
10752	5531	190004	5	11042	10156	9826	6578	7014	
10752	5951	190005	4	11042	9826	6578	7734	
10752	5959	190006	5	11042	10156	9826	6578	7734	
10752	6005	190007	3	9850	6009	6154	
10752	6009	190008	1	11042	
10752	6578	190009	1	9826	
10752	8525	190010	3	11042	10156	9850	
10752	8678	190011	1	11042	
10752	9191	190012	5	9826	6578	7014	5531	10685	
10752	9826	190013	0
10752	9870	190014	2	10902	11205	
10752	10072	190015	6	11042	9850	8525	9826	6578	10371	
10752	10156	190016	1	11042	
10752	10290	190017	1	11630	
10752	10902	190019	0
10752	11212	190020	2	11060	10621	
10752	11298	190021	2	9826	11300	
10752	11673	190022	2	10902	14760	
10752	13071	190023	5	11042	9826	11300	11298	13069	
10752	13229	190024	0
10752	14277	190025	0
10752	14710	190026	3	13242	13229	14708	
10752	15362	190027	2	10902	15356	
10752	17235	190028	2	10902	17237	
10752	17272	190029	2	10902	17271	
10752	17853	190030	1	17271	
10752	19625	190031	4	10902	17271	17853	19627	
10902	2431	200000	2	9850	9826	
10902	3759	200001	3	9850	9826	6578	
10902	4347	200002	5	9850	8525	9826	6578	7014	
10902	4504	200003	2	10900	9826	
10902	5531	200004	4	9850	9826	6578	7014	
10902	5951	200005	5	9850	8525	9826	6578	7734	
10902	5959	200006	4	9850	9826	6578	7734	
10902	6005	200007	4	10900	9850	6009	6154	
10902	6009	200008	1	9850	
10902	6578	200009	3	10900	10752	9826	
10902	8525	200010	1	9850	
10902	8678	200011	2	10900	11042	
10902	9191	200012	7	10900	11042	9826	6578	7014	5531	10685	
10902	9826	200013	0
10902	9870	200014	1	11205	
10902	10072	200015	3	9826	6578	10371	
10902	10156	200016	3	10900	10752	11042	
10902	10290	200017	3	10900	10752	11630	
10902	10752	200018	1	10900	
10902	11212	200020	2	11060	10621	
10902	11298	200021	1	13242	
10902	11673	200022	1	14760	
10902	13071	200023	4	13229	11301	11298	13069	
10902	13229	200024	0
10902	14277	200025	0
10902	14710	200026	3	13242	13229	14708	
10902	15362	200027	1	15356	
10902	17235	200028	1	17237	
10902	17272	200029	1	17271	
10902	17853	200030	1	17271	
10902	19625	200031	3	17271	17853	19627	
11212	2431	210000	2	7938	9826	
11212	3759	210001	3	7938	9826	6578	
11212	4347	210002	5	7938	8525	9826	6578	7014	
11212	4504	210003	3	9876	7938	9826	
11212	5531	210004	4	7938	9826	6578	7014	
11212	5951	210005	5	7938	8525	9826	6578	7734	
11212	5959	210006	4	7938	9826	6578	7734	
11212	6005	210007	0
11212	6009	210008	0
11212	6578	210009	5	9876	8678	7938	8525	9826	
11212	8525	210010	1	7938	
11212	8678	210011	1	9876	
11212	9191	210012	7	9876	8683	9826	6578	7014	5531	10685	
11212	9826	210013	0
11212	9870	210014	1	9876	
11212	10072	210015	3	9826	6578	10371	
11212	10156	210016	2	10471	11042	
11212	10290	210017	2	10471	11630	
11212	10752	210018	3	10471	10902	10900	
11212	10902	210019	1	10471	
11212	11298	210021	2	9876	7938	
11212	11673	210022	1	15356	
11212	13071	210023	4	7938	11300	11298	13069	
11212	13229	210024	0
11212	14277	210025	0
11212	14710	210026	2	13229	14708	
11212	15362	210027	1	15356	
11212	17235	210028	0
11212	17272	210029	3	15356	16835	17122	
11212	17853	210030	1	16835	
11212	19625	210031	3	17122	17853	19627	
11298	2431	220000	0
11298	3759	220001	2	9826	6578	
11298	4347	220002	3	9826	6578	7014	
11298	4504	220003	0
11298	5531	220004	3	9826	6578	7014	
11298	5951	220005	3	9826	6578	7734	
11298	5959	220006	3	9826	6578	7734	
11298	6005	220007	0
11298	6009	220008	0
11298	6578	220009	1	9826	
11298	8525	220010	2	9826	8672	
11298	8678	220011	1	8087	
11298	9191	220012	5	9826	6578	7014	5531	10685	
11298	9826	220013	0
11298	9870	220014	2	9826	9428	
11298	10072	220015	3	9826	6578	10371	
11298	10156	220016	0
11298	10290	220017	4	10149	11340	10752	11630	
11298	10752	220018	2	9826	11340	
11298	10902	220019	2	12789	14280	
11298	11212	220020	2	8087	10622	
11298	11673	220022	1	14320	
11298	13071	220023	1	13069	
11298	13229	220024	1	12789	
11298	14277	220025	3	12789	13229	14280	
11298	14710	220026	3	12789	13229	14708	
11298	15362	220027	0
11298	17235	220028	1	15473	
11298	17272	220029	1	15784	
11298	17853	220030	1	15784	
11298	19625	220031	4	12789	15784	17853	19627	
11673	2431	230000	2	14758	13229	
11673	3759	230001	4	14758	13229	9826	6578	
11673	4347	230002	7	14758	14277	13242	13229	9826	6578	7014	
11673	4504	230003	2	14758	13229	
11673	5531	230004	5	14758	13229	9826	6578	7014	
11673	5951	230005	7	14758	14277	13242	13229	9826	6578	7734	
11673	5959	230006	5	14758	13229	9826	6578	7734	
11673	6005	230007	1	14609	
11673	6009	230008	1	14609	
11673	6578	230009	4	14758	13242	13229	9826	
11673	8525	230010	3	14609	10156	9850	
11673	8678	230011	2	14609	10156	
11673	9191	230012	9	14758	14277	13242	13229	9826	6578	7014	5531	10685	
11673	9826	230013	2	14758	13242	
11673	9870	230014	1	14609	
11673	10072	230015	6	14758	13242	13229	9826	6578	10371	
11673	10156	230016	1	14609	
11673	10290	230017	2	14609	11630	
11673	10752	230018	1	14609	
11673	10902	230019	1	14609	
11673	11212	230020	3	15360	15362	14609	
11673	11298	230021	2	14758	13242	
11673	13071	230023	5	14758	13229	11301	11298	13069	
11673	13229	230024	1	14758	
11673	14277	230025	1	14758	
11673	14710	230026	4	14758	13242	13229	14708	
11673	15362	230027	1	15360	
11673	17235	230028	3	14758	14277	15473	
11673	17272	230029	3	15360	16835	17122	
11673	17853	230030	0
11673	19625	230031	2	17853	19627	
13071	2431	240000	0
13071	3759	240001	1	4504	
13071	4347	240002	4	11298	9826	6578	7014	
13071	4504	240003	0
13071	5531	240004	3	9826	6578	7014	
13071	5951	240005	4	11298	9826	6578	7734	
13071	5959	240006	3	9826	6578	7734	
13071	6005	240007	0
13071	6009	240008	0
13071	6578	240009	2	11298	9826	
13071	8525	240010	2	9826	8672	
13071	8678	240011	2	11298	8087	
13071	9191	240012	6	11298	9826	6578	7014	5531	10685	
13071	9826	240013	0
13071	9870	240014	3	11298	9826	9428	
13071	10072	240015	4	11298	9826	6578	10371	
13071	10156	240016	1	11298	
13071	10290	240017	5	9826	10156	11340	10752	11630	
13071	10752	240018	3	11298	9826	11340	
13071	10902	240019	3	11298	12789	14280	
13071	11212	240020	4	9826	8672	8525	10622	
13071	11298	240021	0
13071	11673	240022	2	11298	14320	
13071	13229	240024	2	11298	12789	
13071	14277	240025	4	11298	12789	13229	14280	
13071	14710	240026	4	11298	12789	13229	14708	
13071	15362	240027	1	11298	
13071	17235	240028	2	11298	15473	
13071	17272	240029	2	11298	15784	
13071	17853	240030	2	11298	15784	
13071	19625	240031	5	11298	12789	15784	17853	19627	
13229	2431	250000	0
13229	3759	250001	2	9826	6578	
13229	4347	250002	3	9826	6578	7014	
13229	4504	250003	0
13229	5531	250004	3	9826	6578	7014	
13229	5951	250005	3	9826	6578	7734	
13229	5959	250006	3	9826	6578	7734	
13229	6005	250007	1	9826	
13229	6009	250008	2	9826	6157	
13229	6578	250009	1	9826	
13229	8525	250010	0
13229	8678	250011	3	8672	8525	8087	
13229	9191	250012	5	9826	6578	7014	5531	10685	
13229	9826	250013	0
13229	9870	250014	4	8525	8087	8678	9428	
13229	10072	250015	3	9826	6578	10371	
13229	10156	250016	3	8672	8525	10149	
13229	10290	250017	4	14280	11782	10752	11630	
13229	10752	250018	3	14280	14277	11782	
13229	10902	250019	1	14280	
13229	11212	250020	2	14280	10621	
13229	11298	250021	1	11301	
13229	11673	250022	3	14280	14277	14320	
13229	13071	250023	3	11301	11298	13069	
13229	14277	250025	1	14280	
13229	14710	250026	1	14708	
13229	15362	250027	0
13229	17235	250028	3	14280	14277	15473	
13229	17272	250029	3	14280	14277	15784	
13229	17853	250030	2	14280	15784	
13229	19625	250031	3	15784	17853	19627	
14277	2431	260000	1	13242	
14277	3759	260001	2	13242	4504	
14277	4347	260002	5	13242	13229	9826	6578	7014	
14277	4504	260003	1	13242	
14277	5531	260004	4	13242	9826	6578	7014	
14277	5951	260005	5	13242	13229	9826	6578	7734	
14277	5959	260006	4	13242	9826	6578	7734	
14277	6005	260007	3	13242	13229	9826	
14277	6009	260008	3	13242	9826	6157	
14277	6578	260009	3	13242	13229	9826	
14277	8525	260010	2	11782	9850	
14277	8678	260011	2	11782	11042	
14277	9191	260012	7	13242	13229	9826	6578	7014	5531	10685	
14277	9826	260013	1	13242	
14277	9870	260014	2	10902	11205	
14277	10072	260015	5	13242	13229	9826	6578	10371	
14277	10156	260016	1	11782	
14277	10290	260017	3	11782	10752	11630	
14277	10752	260018	1	11782	
14277	10902	260019	0
14277	11212	260020	2	11060	10621	
14277	11298	260021	1	13242	
14277	11673	260022	1	14320	
14277	13071	260023	4	13242	11301	11298	13069	
14277	13229	260024	1	13242	
14277	14710	260026	3	13242	13229	14708	
14277	15362	260027	0
14277	17235	260028	1	15473	
14277	17272	260029	1	15784	
14277	17853	260030	1	15784	
14277	19625	260031	3	15784	17853	19627	
14710	2431	270000	0
14710	3759	270001	1	4504	
14710	4347	270002	4	13229	9826	6578	7014	
14710	4504	270003	0
14710	5531	270004	3	9826	6578	7014	
14710	5951	270005	4	13229	9826	6578	7734	
14710	5959	270006	3	9826	6578	7734	
14710	6005	270007	2	13229	9826	
14710	6009	270008	2	9826	6157	
14710	6578	270009	2	13229	9826	
14710	8525	270010	0
14710	8678	270011	3	8672	8525	8087	
14710	9191	270012	6	13229	9826	6578	7014	5531	10685	
14710	9826	270013	0
14710	9870	270014	4	8525	8087	8678	9428	
14710	10072	270015	4	13229	9826	6578	10371	
14710	10156	270016	3	8672	8525	10149	
14710	10290	270017	5	13229	14280	11782	10752	11630	
14710	10752	270018	4	13229	14280	14277	11782	
14710	10902	270019	2	13229	14280	
14710	11212	270020	3	13229	14280	10621	
14710	11298	270021	2	13229	11301	
14710	11673	270022	4	13229	14280	14277	14320	
14710	13071	270023	4	13229	11301	11298	13069	
14710	13229	270024	0
14710	14277	270025	2	13229	14280	
14710	15362	270027	1	13229	
14710	17235	270028	4	13229	14280	14277	15473	
14710	17272	270029	4	13229	14280	14277	15784	
14710	17853	270030	3	13229	14280	15784	
14710	19625	270031	4	13229	15784	17853	19627	
15362	2431	280000	2	14609	13229	
15362	3759	280001	4	14609	13229	9826	6578	
15362	4347	280002	7	14609	14277	13242	13229	9826	6578	7014	
15362	4504	280003	2	14609	13229	
15362	5531	280004	5	14609	13229	9826	6578	7014	
15362	5951	280005	7	14609	14277	13242	13229	9826	6578	7734	
15362	5959	280006	5	14609	13229	9826	6578	7734	
15362	6005	280007	1	14609	
15362	6009	280008	1	14609	
15362	6578	280009	4	14609	13242	13229	9826	
15362	8525	280010	3	14609	10156	9850	
15362	8678	280011	2	14609	10156	
15362	9191	280012	9	14609	14277	13242	13229	9826	6578	7014	5531	10685	
15362	9826	280013	2	14609	13242	
15362	9870	280014	1	14609	
15362	10072	280015	6	14609	13242	13229	9826	6578	10371	
15362	10156	280016	1	14609	
15362	10290	280017	2	14609	11630	
15362	10752	280018	1	14609	
15362	10902	280019	1	14609	
15362	11212	280020	1	14609	
15362	11298	280021	2	14609	13242	
15362	11673	280022	0
15362	13071	280023	5	14609	13229	11301	11298	13069	
15362	13229	280024	1	14609	
15362	14277	280025	1	14609	
15362	14710	280026	4	14609	13242	13229	14708	
15362	17235	280028	1	14609	
15362	17272	280029	2	16835	17122	
15362	17853	280030	0
15362	19625	280031	4	16835	17122	17853	19627	
17235	2431	290000	1	14282	
17235	3759	290001	4	14282	13229	9826	6578	
17235	4347	290002	4	14282	9826	6578	7014	
17235	4504	290003	1	14282	
17235	5531	290004	5	14282	13229	9826	6578	7014	
17235	5951	290005	4	14282	9826	6578	7734	
17235	5959	290006	5	14282	13229	9826	6578	7734	
17235	6005	290007	2	6009	6154	
17235	6009	290008	0
17235	6578	290009	2	14282	9826	
17235	8525	290010	2	10156	9850	
17235	8678	290011	1	10156	
17235	9191	290012	6	14282	9826	6578	7014	5531	10685	
17235	9826	290013	1	14282	
17235	9870	290014	0
17235	10072	290015	6	14282	13242	13229	9826	6578	10371	
17235	10156	290016	0
17235	10290	290017	1	11630	
17235	10752	290018	0
17235	10902	290019	0
17235	11212	290020	0
17235	11298	290021	1	14282	
17235	11673	290022	3	14282	14277	14320	
17235	13071	290023	3	14282	11298	13069	
17235	13229	290024	1	14282	
17235	14277	290025	1	14282	
17235	14710	290026	4	14282	13242	13229	14708	
17235	15362	290027	0
17235	17272	290029	3	14282	14277	15784	
17235	17853	290030	2	14282	15784	
17235	19625	290031	3	15784	17853	19627	
17272	2431	300000	1	13229	
17272	3759	300001	3	13229	9826	6578	
17272	4347	300002	6	14277	13242	13229	9826	6578	7014	
17272	4504	300003	1	13229	
17272	5531	300004	4	13229	9826	6578	7014	
17272	5951	300005	6	14277	13242	13229	9826	6578	7734	
17272	5959	300006	4	13229	9826	6578	7734	
17272	6005	300007	2	6009	6154	
17272	6009	300008	0
17272	6578	300009	3	13242	13229	9826	
17272	8525	300010	2	10156	9850	
17272	8678	300011	1	10156	
17272	9191	300012	8	14277	13242	13229	9826	6578	7014	5531	10685	
17272	9826	300013	1	13242	
17272	9870	300014	0
17272	10072	300015	5	13242	13229	9826	6578	10371	
17272	10156	300016	0
17272	10290	300017	1	11630	
17272	10752	300018	0
17272	10902	300019	0
17272	11212	300020	3	15356	15362	14609	
17272	11298	300021	0
17272	11673	300022	0
17272	13071	300023	2	11298	13069	
17272	13229	300024	0
17272	14277	300025	0
17272	14710	300026	3	13242	13229	14708	
17272	15362	300027	1	15356	
17272	17235	300028	2	14277	15473	
17272	17853	300030	0
17272	19625	300031	2	17853	19627	
17853	2431	310000	3	17264	17272	13229	
17853	3759	310001	5	17264	17272	13229	9826	6578	
17853	4347	310002	8	17264	17272	14277	13242	13229	9826	6578	7014	
17853	4504	310003	3	17264	17272	13229	
17853	5531	310004	6	17264	17272	13229	9826	6578	7014	
17853	5951	310005	8	17264	17272	14277	13242	13229	9826	6578	7734	
17853	5959	310006	6	17264	17272	13229	9826	6578	7734	
17853	6005	310007	6	17264	10902	10900	9850	6009	6154	
17853	6009	310008	2	10752	11042	
17853	6578	310009	5	17264	17272	13242	13229	9826	
17853	8525	310010	2	10900	9850	
17853	8678	310011	2	10900	11042	
17853	9191	310012	10	17264	17272	14277	13242	13229	9826	6578	7014	5531	10685	
17853	9826	310013	3	17264	17272	13242	
17853	9870	310014	0
17853	10072	310015	7	17264	17272	13242	13229	9826	6578	10371	
17853	10156	310016	2	10752	11042	
17853	10290	310017	2	10752	11630	
17853	10752	310018	0
17853	10902	310019	0
17853	11212	310020	2	17264	14609	
17853	11298	310021	2	17264	17272	
17853	11673	310022	0
17853	13071	310023	4	17264	17272	11298	13069	
17853	13229	310024	2	17264	17272	
17853	14277	310025	2	17264	17272	
17853	14710	310026	5	17264	17272	13242	13229	14708	
17853	15362	310027	1	17264	
17853	17235	310028	4	17264	17272	14277	15473	
17853	17272	310029	1	17264	
17853	19625	310031	1	19627	
19625	2431	320000	3	17264	17272	13229	
19625	3759	320001	5	17264	17272	13229	9826	6578	
19625	4347	320002	8	17264	17272	14277	13242	13229	9826	6578	7014	
19625	4504	320003	4	17853	17264	17272	13229	
19625	5531	320004	6	17264	17272	13229	9826	6578	7014	
19625	5951	320005	8	17264	17272	14277	13242	13229	9826	6578	7734	
19625	5959	320006	6	17264	17272	13229	9826	6578	7734	
19625	6005	320007	4	10752	9850	6009	6154	
19625	6009	320008	3	10900	10752	11042	
19625	6578	320009	6	17853	17264	17272	13242	13229	9826	
19625	8525	320010	2	10900	9850	
19625	8678	320011	3	10902	10900	11042	
19625	9191	320012	10	17264	17272	14277	13242	13229	9826	6578	7014	5531	10685	
19625	9826	320013	4	17853	17264	17272	13242	
19625	9870	320014	0
19625	10072	320015	8	17853	17264	17272	13242	13229	9826	6578	10371	
19625	10156	320016	2	10752	11042	
19625	10290	320017	2	10752	11630	
19625	10752	320018	0
19625	10902	320019	0
19625	11212	320020	3	17853	17264	14609	
19625	11298	320021	3	17853	17264	17272	
19625	11673	320022	0
19625	13071	320023	4	17264	17272	11298	13069	
19625	13229	320024	3	17853	17264	17272	
19625	14277	320025	2	17264	17272	
19625	14710	320026	6	17853	17264	17272	13242	13229	14708	
19625	15362	320027	1	17264	
19625	17235	320028	5	17853	17264	17272	14277	15473	
19625	17272	320029	2	17853	17264	
19625	17853	320030	0
