85
3
8	1	5	
17	17	6	
8	1	5	
2		4486	5826
2		4486	3460
2		4486	5225
4
0	8	3	5	
17	22	20	23	
0	8	3	5	
2		3460	4486
2		3460	5826
2		3460	3917
2		3460	5225
3
3	11	8	
11	15	17	
3	11	8	
2		4651	3917
2		4651	5695
2		4651	5826
5
8	1	2	11	13	
28	20	11	14	21	
8	1	2	11	13	
2		3917	5826
3		3917	3313	3460
2		3917	4651
2		3917	5695
2		3917	5261
3
6	19	16	
6	17	15	
6	19	16	
2		6543	6549
2		6543	8030
2		6543	8018
3
0	8	1	
6	13	23	
0	8	1	
2		5225	4486
2		5225	5826
2		5225	3460
3
19	16	4	
11	21	6	
19	16	4	
2		6549	8030
2		6549	8018
2		6549	6543
3
19	8	21	
15	16	17	
19	8	21	
2		7002	8030
2		7002	5826
2		7002	8195
9
0	1	2	3	19	5	21	7	11	
17	22	17	28	31	13	17	16	24	
0	1	2	3	19	5	21	7	11	
2		5826	4486
3		5826	3458	3460
2		5826	4651
2		5826	3917
2		5826	8030
2		5826	5225
2		5826	8195
2		5826	7002
2		5826	5695
1
21	
13	
21	
2		7016	8195
3
22	11	21	
5	17	16	
22	11	21	
2		7019	7465
2		7019	5695
2		7019	8195
7
2	3	21	22	8	10	13	
15	14	33	18	24	17	13	
2	3	21	22	8	10	13	
2		5695	4651
2		5695	3917
2		5695	8195
2		5695	7465
3		5695	5540	5826
2		5695	7019
2		5695	5261
3
14	23	24	
9	18	3	
14	23	24	
2		6887	6598
2		6887	8508
2		6887	7184
2
3	11	
21	13	
3	11	
2		5261	3917
2		5261	5695
5
23	24	25	27	12	
27	10	10	28	9	
23	24	25	27	12	
2		6598	8508
2		6598	7184
2		6598	7931
2		6598	8537
2		6598	6887
3
30	28	17	
17	2	1	
30	28	17	
2		9191	10531
2		9191	9487
2		9191	9192
3
6	19	4	
21	14	15	
6	19	4	
2		8018	6549
2		8018	8030
2		8018	6543
3
30	15	28	
16	1	3	
30	15	28	
2		9192	10531
2		9192	9191
2		9192	9487
3
30	31	19	
19	14	15	
30	31	19	
3		9207	10537	10531
2		9207	10103
2		9207	8030
9
30	31	16	18	4	21	6	7	8	
34	15	14	15	17	22	11	15	31	
30	31	16	18	4	21	6	7	8	
3		8030	10537	10531
2		8030	10103
2		8030	8018
2		8030	9207
2		8030	6543
2		8030	8195
2		8030	6549
2		8030	7002
2		8030	5826
3
34	31	21	
6	13	16	
34	31	21	
2		9222	9669
2		9222	10103
2		9222	8195
13
19	20	22	23	31	34	35	36	7	8	9	10	11	
22	16	15	25	29	16	28	27	17	17	13	16	33	
19	20	22	23	31	34	35	36	7	8	9	10	11	
2		8195	8030
2		8195	9222
2		8195	7465
2		8195	8508
2		8195	10103
2		8195	9669
3		8195	10864	10861
2		8195	10133
2		8195	7002
2		8195	5826
2		8195	7016
2		8195	7019
2		8195	5695
3
10	11	21	
5	18	15	
10	11	21	
2		7465	7019
2		7465	5695
2		7465	8195
8
14	35	36	21	38	24	25	12	
27	31	14	25	29	17	25	18	
14	35	36	21	38	24	25	12	
2		8508	6598
2		8508	10861
2		8508	10133
3		8508	8796	8195
2		8508	10448
2		8508	7184
3		8508	8661	7931
2		8508	6887
3
14	23	12	
10	17	3	
14	23	12	
2		7184	6598
2		7184	8508
2		7184	6887
5
14	38	23	27	36	
10	34	25	18	35	
14	38	23	27	36	
2		7931	6598
4		7931	8230	10447	10448
2		7931	8508
2		7931	8537
2		7931	10133
2
38	27	
14	12	
38	27	
2		8972	10448
2		8972	8537
6
14	40	25	41	26	43	
28	12	18	18	12	31	
14	40	25	41	26	43	
2		8537	6598
2		8537	9717
2		8537	7931
2		8537	10613
2		8537	8972
2		8537	10920
3
30	15	17	
15	2	3	
30	15	17	
2		9487	10531
2		9487	9191
2		9487	9192
1
30	
19	
30	
3		10520	10382	10531
10
46	15	31	32	48	17	18	19	28	29	
17	17	21	16	18	16	19	34	15	19	
46	15	31	32	48	17	18	19	28	29	
2		10531	12161
2		10531	9191
2		10531	10103
2		10531	11429
2		10531	11872
2		10531	9192
3		10531	10391	9207
3		10531	10243	8030
2		10531	9487
2		10531	10520
6
30	18	34	19	20	21	
21	14	13	15	13	29	
30	18	34	19	20	21	
2		10103	10531
2		10103	9207
2		10103	9669
2		10103	8030
2		10103	9222
2		10103	8195
3
30	46	48	
16	13	4	
30	46	48	
2		11429	10531
2		11429	12161
2		11429	11872
3
50	35	49	
4	16	17	
50	35	49	
2		11739	12037
2		11739	10861
2		11739	13212
3
31	20	21	
13	6	16	
31	20	21	
2		9669	10103
2		9669	9222
2		9669	8195
8
33	49	50	51	36	21	53	23	
16	33	16	20	17	28	31	31	
33	49	50	51	36	21	53	23	
2		10861	11739
2		10861	13212
2		10861	12037
2		10861	12935
2		10861	10133
3		10861	8200	8195
2		10861	13244
2		10861	8508
7
35	51	21	53	38	23	25	
17	29	27	34	27	14	35	
35	51	21	53	38	23	25	
2		10133	10861
2		10133	12935
2		10133	8195
2		10133	13244
2		10133	10448
2		10133	8508
2		10133	7931
2
54	39	
5	7	
54	39	
2		11175	11915
2		11175	11182
8
36	23	55	40	56	25	41	26	
27	29	22	14	31	34	32	14	
36	23	55	40	56	25	41	26	
2		10448	10133
2		10448	8508
2		10448	12963
2		10448	9717
2		10448	12978
3		10448	9850	7931
4		10448	11341	11057	10613
2		10448	8972
2
55	37	
17	7	
55	37	
2		11182	12963
2		11182	11175
2
38	27	
14	12	
38	27	
2		9717	10448
2		9717	8537
5
38	55	56	27	43	
32	36	25	18	15	
38	55	56	27	43	
4		10613	11498	11191	10448
3		10613	12967	12963
2		10613	12978
2		10613	8537
2		10613	10920
3
43	56	57	
11	17	8	
43	56	57	
2		11654	10920
2		11654	12978
2		11654	12250
5
56	41	57	42	27	
28	15	11	11	31	
56	41	57	42	27	
2		10920	12978
2		10920	10613
2		10920	12250
2		10920	11654
2		10920	8537
3
58	59	45	
16	15	3	
58	59	45	
2		11819	13442
2		11819	13304
2		11819	11673
3
58	59	44	
19	14	3	
58	59	44	
2		11673	13442
2		11673	13304
2		11673	11819
3
30	32	48	
17	13	9	
30	32	48	
2		12161	10531
2		12161	11429
2		12161	11872
1
49	
13	
49	
2		13795	13212
3
46	30	32	
9	18	4	
46	30	32	
2		11872	12161
2		11872	10531
2		11872	11429
6
47	33	50	35	52	60	
13	17	17	33	9	10	
47	33	50	35	52	60	
2		13212	13795
2		13212	11739
2		13212	12037
2		13212	10861
2		13212	13368
2		13212	14245
3
35	49	33	
16	17	4	
35	49	33	
2		12037	10861
2		12037	13212
2		12037	11739
4
62	35	36	53	
20	20	29	15	
62	35	36	53	
2		12935	14852
2		12935	10861
2		12935	10133
2		12935	13244
1
49	
9	
49	
2		13368	13212
6
55	64	66	51	35	36	
17	14	27	15	31	34	
55	64	66	51	35	36	
2		13244	12963
2		13244	14869
2		13244	15182
2		13244	12935
2		13244	10861
3		13244	10872	10133
1
37	
5	
37	
2		11915	11175
8
64	66	68	53	38	39	56	41	
31	16	32	17	22	17	15	36	
64	66	68	53	38	39	56	41	
2		12963	14869
2		12963	15182
2		12963	15347
2		12963	13244
3		12963	10450	10448
2		12963	11182
2		12963	12978
3		12963	10762	10613
8
66	68	38	55	41	57	42	43	
31	17	31	15	25	17	17	28	
66	68	38	55	41	57	42	43	
2		12978	15182
2		12978	15347
2		12978	10448
2		12978	12963
4		12978	11496	10910	10613
2		12978	12250
2		12978	11654
2		12978	10920
3
42	43	56	
8	11	17	
42	43	56	
2		12250	11654
2		12250	10920
2		12250	12978
4
59	44	69	45	
11	16	23	19	
59	44	69	45	
2		13442	13304
2		13442	11819
2		13442	15213
2		13442	11673
4
70	58	44	45	
11	11	15	14	
70	58	44	45	
2		13304	14783
2		13304	13442
2		13304	11819
2		13304	11673
1
49	
10	
49	
2		14245	13212
1
62	
10	
62	
2		15289	14852
2
51	61	
20	10	
51	61	
2		14852	12935
2		14852	15289
3
71	64	73	
9	18	9	
71	64	73	
2		16043	16928
2		16043	14869
2		16043	16640
6
63	55	71	73	66	53	
18	31	27	17	27	14	
63	55	71	73	66	53	
2		14869	16043
2		14869	12963
2		14869	16928
2		14869	16640
2		14869	15182
2		14869	13244
3
66	74	76	
16	17	8	
66	74	76	
2		16209	15182
2		16209	17682
2		16209	16805
8
64	65	68	53	55	56	74	76	
27	16	18	27	16	31	33	16	
64	65	68	53	55	56	74	76	
2		15182	14869
2		15182	16209
2		15182	15347
2		15182	13244
2		15182	12963
2		15182	12978
2		15182	17682
2		15182	16805
3
78	68	77	
17	16	16	
78	68	77	
2		16374	17420
2		16374	15347
2		16374	17997
8
78	80	66	67	69	55	56	77	
17	25	18	16	15	32	17	32	
78	80	66	67	69	55	56	77	
3		15347	17418	17420
2		15347	17283
2		15347	15182
2		15347	16374
2		15347	15213
2		15347	12963
2		15347	12978
2		15347	17997
5
78	70	80	58	68	
32	29	16	23	15	
78	70	80	58	68	
4		15213	16836	17122	17420
3		15213	14325	14783
2		15213	17283
2		15213	13442
2		15213	15347
2
59	69	
11	29	
59	69	
2		14783	13304
3		14783	14618	15213
3
63	64	73	
9	27	10	
63	64	73	
2		16928	16043
2		16928	14869
2		16928	16640
1
74	
12	
74	
2		18266	17682
3
63	71	64	
9	10	17	
63	71	64	
2		16640	16043
2		16640	16928
2		16640	14869
5
72	65	81	66	76	
12	17	12	33	19	
72	65	81	66	76	
2		17682	18266
2		17682	16209
2		17682	19011
2		17682	15182
2		17682	16805
3
82	83	77	
9	16	16	
82	83	77	
2		18726	19611
2		18726	19771
2		18726	17997
3
66	74	65	
16	19	8	
66	74	65	
2		16805	15182
2		16805	17682
2		16805	16209
8
78	79	82	67	83	68	84	75	
21	12	25	16	16	32	19	16	
78	79	82	67	83	68	84	75	
2		17997	17420
2		17997	18450
2		17997	19611
2		17997	16374
2		17997	19771
2		17997	15347
2		17997	19486
2		17997	18726
5
80	67	68	69	77	
16	17	17	32	21	
80	67	68	69	77	
2		17420	17283
2		17420	16374
2		17420	15347
3		17420	15209	15213
2		17420	17997
3
83	84	77	
20	7	12	
83	84	77	
2		18450	19771
2		18450	19486
2		18450	17997
3
78	68	69	
16	25	16	
78	68	69	
3		17283	17569	17420
2		17283	15347
2		17283	15213
1
74	
12	
74	
2		19011	17682
3
83	75	77	
13	9	25	
83	75	77	
2		19611	19771
2		19611	18726
2		19611	17997
5
79	82	75	84	77	
20	13	16	13	16	
79	82	75	84	77	
2		19771	18450
2		19771	19611
2		19771	18726
2		19771	19486
2		19771	17997
3
79	83	77	
7	13	19	
79	83	77	
2		19486	18450
2		19486	19771
2		19486	17997
