height 139
width 148
42	42	42	42	42	42	42	42	42	42	42	42	42	42	42	42	42	42	42	42	42	42	42	42	42	42	42	42	42	42	42	42	42	42	42	42	42	42	42	42	42	42	42	42	42	42	42	42	42	42	42	42	42	42	42	42	42	42	42	42	42	42	42	42	42	42	42	42	42	42	42	42	42	42	42	42	42	42	42	42	42	42	42	42	42	42	42	42	42	42	42	42	42	42	42	42	42	42	42	42	42	42	42	42	42	42	42	42	42	42	42	42	42	42	42	42	42	42	42	42	42	42	42	42	42	42	42	42	42	42	42	42	42	42	42	42	42	42	42	42	42	42	42	42	42	42	42	42	
42	42	42	42	42	42	42	42	42	42	42	42	42	42	42	42	42	42	42	42	42	42	42	42	42	42	42	42	42	42	42	42	42	42	42	42	42	42	42	42	42	42	42	42	42	42	42	42	42	42	42	42	42	42	42	42	42	42	42	42	42	42	42	42	42	42	42	42	42	42	42	42	42	42	42	42	42	42	42	42	42	42	42	42	42	42	42	42	42	42	42	42	42	42	42	42	42	42	42	42	42	42	42	42	42	42	42	42	42	42	42	42	42	42	42	42	42	42	42	42	42	42	42	42	42	42	42	42	42	42	42	42	42	42	42	42	42	42	42	42	42	42	42	42	42	42	42	42	
42	42	42	42	42	42	42	42	42	42	42	42	42	42	42	42	42	42	42	42	42	42	42	42	42	42	42	42	42	42	42	42	42	42	42	42	42	42	42	42	42	42	42	42	42	42	42	42	42	42	42	42	42	42	42	42	42	42	42	42	42	42	42	42	42	42	42	42	42	42	42	42	42	42	42	42	42	42	42	42	42	42	42	42	42	42	42	42	42	42	42	42	42	42	42	42	42	42	42	42	42	42	42	42	42	42	42	42	42	42	42	42	42	42	42	42	42	42	42	42	42	42	42	42	42	42	42	42	42	42	42	42	42	42	42	42	42	42	42	42	42	42	42	42	42	42	42	42	
42	42	42	42	42	42	42	42	42	42	42	42	42	42	42	42	42	42	42	42	42	42	42	42	42	42	42	42	42	42	42	42	42	42	42	42	42	42	42	42	42	42	42	42	42	42	42	42	42	42	42	42	42	42	42	42	42	42	42	42	42	42	42	42	42	42	42	42	42	42	42	42	42	42	42	42	42	42	42	42	42	42	42	42	42	42	42	42	42	42	42	42	42	42	42	42	42	42	42	42	42	42	42	42	42	42	42	42	42	42	42	42	42	42	42	42	42	42	42	42	42	42	42	42	42	42	42	42	42	42	42	42	42	42	42	42	42	42	42	42	42	42	42	42	42	42	42	42	
42	42	42	42	42	42	42	42	42	42	42	42	42	42	42	42	42	42	42	42	42	42	42	42	42	42	42	42	42	42	42	42	42	42	42	42	42	42	42	42	42	42	42	42	42	42	42	42	42	42	42	42	42	42	42	42	42	42	42	42	42	42	42	42	42	42	42	42	42	42	42	42	42	42	42	42	42	42	42	42	42	42	42	42	42	42	42	42	42	42	42	42	42	42	42	42	42	42	42	42	42	42	42	42	42	42	42	42	42	42	42	42	42	42	42	42	42	42	42	42	42	42	42	42	42	42	42	42	42	42	42	42	42	42	42	42	42	42	42	42	42	42	42	42	42	42	42	42	
42	42	42	42	42	42	42	42	42	42	42	42	42	42	42	42	42	42	42	42	42	42	42	42	42	42	42	42	42	42	42	42	42	42	42	42	42	42	42	42	42	42	42	42	42	42	42	42	42	42	42	42	42	42	42	42	42	42	42	42	42	42	42	42	42	42	42	42	42	42	42	42	42	42	42	42	42	42	42	42	42	42	42	42	42	42	42	42	42	42	42	42	42	42	42	42	42	42	42	42	42	42	42	42	42	42	42	42	42	42	42	42	42	42	42	42	42	42	42	42	42	42	42	42	42	42	42	42	42	42	42	42	42	42	42	42	42	42	42	42	42	42	42	42	42	42	42	42	
42	42	42	42	42	42	42	42	42	42	42	42	42	42	42	42	42	42	42	42	42	42	42	42	42	42	42	42	42	42	42	42	42	42	42	42	42	42	42	42	42	42	42	42	42	42	42	42	42	42	42	42	42	42	42	42	42	42	42	42	42	42	42	42	42	42	42	42	42	42	42	42	42	42	42	42	42	42	42	42	42	42	42	42	42	42	42	42	42	42	42	42	42	42	42	42	42	42	42	42	42	42	42	42	42	42	42	42	42	42	42	42	42	42	42	42	42	42	42	42	42	42	42	42	42	42	42	42	42	42	42	42	42	42	42	42	42	42	42	42	42	42	42	42	42	42	42	42	
42	42	42	42	42	42	42	42	42	42	42	42	42	42	42	42	42	42	42	42	42	42	42	42	42	42	42	42	42	42	42	42	42	42	42	42	42	42	42	42	42	42	42	42	42	42	42	42	42	42	42	42	42	42	42	42	42	42	42	42	42	42	42	42	42	42	42	42	42	42	42	42	42	42	42	42	42	42	42	42	42	42	42	42	42	42	42	42	42	42	42	42	42	42	42	42	42	42	42	42	42	42	42	42	42	42	42	42	42	42	42	42	42	42	42	42	42	42	42	42	42	42	42	42	42	42	42	42	42	42	42	42	42	42	42	42	42	42	42	42	42	42	42	42	42	42	42	42	
42	42	42	42	42	42	42	42	42	42	42	42	42	42	42	42	42	42	42	42	42	42	42	42	42	42	42	42	42	42	42	42	42	42	42	42	42	42	42	42	42	42	42	42	42	42	42	42	42	42	42	42	42	42	42	42	42	42	42	42	42	42	42	42	42	42	42	42	42	42	42	42	42	42	42	42	42	42	42	42	42	42	42	42	42	42	42	42	42	42	42	42	42	42	42	42	42	42	42	42	42	42	42	42	42	42	42	42	42	42	42	42	42	42	42	42	42	42	42	42	42	42	42	42	42	42	42	42	42	42	42	42	42	42	42	42	42	42	42	42	42	42	42	42	42	42	42	42	
42	42	42	42	42	42	42	42	42	42	42	42	42	42	42	42	42	42	42	42	42	42	42	42	42	42	42	42	42	42	42	42	42	42	42	42	42	42	42	42	42	42	42	42	42	42	42	42	42	42	42	42	42	42	42	42	42	42	42	42	42	42	42	42	42	42	42	42	42	42	42	42	42	42	42	42	42	42	42	42	42	42	42	42	42	42	42	42	42	42	42	42	42	42	42	42	42	42	42	42	42	42	42	42	42	42	42	42	42	42	42	42	42	42	42	42	42	42	42	42	42	42	42	42	42	42	42	42	42	42	42	42	42	42	42	42	42	42	42	42	42	42	42	42	42	42	42	42	
42	42	42	42	42	42	42	42	42	42	42	42	42	42	42	42	42	42	42	42	42	42	42	42	42	42	42	42	42	42	42	42	42	42	42	42	42	42	42	42	42	42	42	42	42	42	42	42	42	42	42	42	42	42	42	42	42	42	42	42	42	42	42	42	42	42	42	42	42	42	42	42	42	42	42	42	42	42	42	42	42	42	42	42	42	42	42	42	42	42	42	42	42	42	42	42	42	42	42	42	42	42	42	42	42	42	42	42	42	42	42	42	42	42	42	42	42	42	42	42	42	42	42	42	42	42	42	42	42	42	42	42	42	42	42	42	42	42	42	42	42	42	42	42	42	42	42	42	
42	42	42	42	42	42	42	42	42	42	42	42	42	42	42	42	42	42	42	42	42	42	42	42	42	42	42	42	42	42	42	42	42	42	42	42	42	42	42	42	42	42	42	42	42	42	42	42	42	42	42	42	42	42	42	42	42	42	42	42	42	42	42	42	42	42	42	42	42	42	42	42	42	42	42	42	42	42	42	42	42	42	42	42	42	42	42	42	42	42	42	42	42	42	42	42	42	42	42	42	42	42	42	42	42	42	42	42	42	42	42	42	42	42	42	42	42	42	42	42	42	42	42	42	42	42	42	42	42	42	42	42	42	42	42	42	42	42	42	42	42	42	42	42	42	42	42	42	
42	42	42	42	42	42	42	42	42	42	42	42	42	42	42	42	42	42	42	42	42	42	42	42	42	42	42	42	42	42	42	42	42	42	42	42	42	42	42	42	42	42	42	42	42	42	42	42	42	42	42	42	42	42	42	42	42	42	42	42	42	42	42	42	42	42	42	42	42	42	42	42	42	42	42	42	42	42	42	42	42	42	42	42	42	42	42	42	42	42	42	42	42	42	42	42	42	42	42	42	42	42	42	42	42	42	42	42	42	42	42	42	42	42	42	42	42	42	42	42	42	42	42	42	42	42	42	42	42	42	42	42	42	42	42	42	42	42	42	42	42	42	42	42	42	42	42	42	
42	42	42	42	42	42	42	42	42	42	42	42	42	42	42	42	42	42	42	42	42	42	42	42	42	42	42	42	42	42	42	42	42	42	42	42	42	42	42	42	42	42	42	42	42	42	42	42	42	42	42	42	42	42	42	42	42	42	42	42	42	42	42	42	42	42	42	42	42	42	42	42	42	42	42	42	42	42	42	42	42	42	42	42	42	42	42	42	42	42	42	42	42	42	42	42	42	42	42	42	42	42	42	42	42	42	42	42	42	42	42	42	42	42	42	42	42	42	42	42	42	42	42	42	42	42	42	42	42	42	42	42	42	42	42	42	42	42	42	42	42	42	42	42	42	42	42	42	
42	42	42	42	42	42	42	42	42	42	42	42	42	42	42	42	42	42	42	42	42	42	42	42	42	42	42	42	42	42	42	42	42	42	42	42	42	42	42	42	42	42	42	42	42	42	42	42	42	42	42	42	42	42	42	42	42	42	42	42	42	42	42	42	42	42	42	42	42	42	42	42	42	42	42	42	42	42	42	42	42	42	42	42	42	42	42	42	42	42	42	42	42	42	42	42	42	42	42	42	42	42	42	42	42	42	42	42	42	42	42	42	42	42	42	42	42	42	42	42	42	42	42	42	42	42	42	42	42	42	42	42	42	42	42	42	42	42	42	42	42	42	42	42	42	42	42	42	
42	42	42	42	42	42	42	42	42	42	42	42	42	42	42	42	42	42	42	42	42	42	42	42	42	42	42	42	42	42	42	42	42	42	42	42	42	42	42	42	42	42	42	42	42	42	42	42	42	42	42	42	42	42	42	42	42	42	42	42	42	42	42	42	42	42	42	42	42	42	42	42	42	42	42	42	42	42	42	42	42	42	42	42	42	42	42	42	42	42	42	42	42	42	42	42	42	42	42	42	42	42	42	42	42	42	42	42	42	42	42	42	42	42	42	42	42	42	42	42	42	42	42	42	42	42	42	42	42	42	42	42	42	42	42	42	42	42	42	42	42	42	42	42	42	42	42	42	
42	42	42	42	42	42	42	42	42	42	42	42	42	42	42	42	42	42	42	42	42	42	42	42	42	42	42	42	42	42	42	42	42	42	42	42	42	42	42	42	42	42	42	42	42	42	42	42	42	42	42	42	42	42	42	42	42	42	42	42	42	42	42	51	51	42	42	42	42	42	42	42	42	42	42	42	42	42	42	42	42	42	42	42	42	42	42	42	42	42	42	42	42	42	42	42	42	42	42	42	42	42	42	42	42	42	42	42	42	42	42	42	42	42	42	42	42	42	42	42	42	42	42	42	42	42	42	42	42	42	42	42	42	42	42	42	42	42	42	42	42	42	42	42	42	42	42	42	
42	42	42	42	42	42	42	42	42	42	42	42	42	42	42	42	42	42	42	42	42	42	42	42	42	42	42	42	42	42	42	42	42	42	42	42	42	42	42	42	42	42	42	42	42	42	42	42	42	42	42	42	42	42	42	42	42	42	42	42	42	53	53	51	51	51	42	42	42	42	42	42	42	42	42	42	42	42	42	42	42	42	42	42	42	42	42	42	42	42	42	42	42	42	42	42	42	42	42	42	42	42	42	42	42	42	42	42	42	42	42	42	42	42	42	42	42	42	42	42	42	42	42	42	42	42	42	42	42	42	42	42	42	42	42	42	42	42	42	42	42	42	42	42	42	42	42	42	
42	42	42	42	42	42	42	42	42	42	42	42	42	42	42	42	42	42	42	42	42	42	42	42	42	42	42	42	42	42	42	42	42	42	42	42	42	42	42	42	42	42	42	42	42	42	42	42	42	42	42	42	42	42	42	42	42	42	42	42	53	53	53	51	51	51	51	42	42	42	42	42	42	42	42	42	42	42	42	42	42	42	42	42	42	42	42	42	42	42	42	42	42	42	42	42	42	42	42	42	42	42	42	42	42	42	42	42	42	42	42	42	42	42	42	42	42	42	42	42	42	42	42	42	42	42	42	42	42	42	42	42	42	42	42	42	42	42	42	42	42	42	42	42	42	42	42	42	
42	42	42	42	42	42	42	42	42	42	42	42	42	42	42	42	42	42	42	42	42	42	42	42	42	42	42	42	42	42	42	42	42	42	42	42	42	42	42	42	42	42	42	42	42	42	42	42	42	42	42	42	42	42	42	42	42	42	53	53	53	53	53	51	51	51	51	51	42	42	42	42	42	42	42	42	42	42	42	42	42	42	42	42	42	42	42	42	42	42	42	42	42	42	42	42	42	42	42	42	42	42	42	42	42	42	42	42	42	42	42	42	42	42	42	42	42	42	42	42	42	42	42	42	42	42	42	42	42	42	42	42	42	42	42	42	42	42	42	42	42	42	42	42	42	42	42	42	
42	42	42	42	42	42	42	42	42	42	42	42	42	42	42	42	42	42	42	42	42	42	42	42	42	42	42	42	42	42	42	42	42	42	42	42	42	42	42	42	42	42	42	42	42	42	42	42	42	42	42	42	42	42	42	42	42	61	53	53	53	53	53	51	51	51	51	51	51	42	42	42	42	42	42	42	42	42	42	42	42	42	42	42	42	42	42	42	42	42	42	42	42	42	42	42	42	42	42	42	42	42	42	42	42	42	42	42	42	42	42	42	42	42	42	42	42	42	42	42	42	42	42	42	42	42	42	42	42	42	42	42	42	42	42	42	42	42	42	42	42	42	42	42	42	42	42	42	
42	42	42	42	42	42	42	42	42	42	42	42	42	42	42	42	42	42	42	42	42	42	42	42	42	42	42	42	42	42	42	42	42	42	42	42	42	42	42	42	42	42	42	42	42	42	42	42	42	42	42	42	42	42	42	42	61	61	61	53	53	53	53	51	51	51	51	51	51	51	42	42	42	42	42	42	42	42	42	42	42	42	42	42	42	42	42	42	42	42	42	42	42	42	42	42	42	42	42	42	42	42	42	42	42	42	42	42	42	42	42	42	42	42	42	42	42	42	42	42	42	42	42	42	42	42	42	42	42	42	42	42	42	42	42	42	42	42	42	42	42	42	42	42	42	42	42	42	
42	42	42	42	42	42	42	42	42	42	42	42	42	42	42	42	42	42	42	42	42	42	42	42	42	42	42	42	42	42	42	42	42	42	42	42	42	42	42	42	42	42	42	42	42	42	42	42	42	42	42	42	42	42	42	61	61	61	61	42	42	53	53	51	51	51	51	51	51	51	51	42	42	42	42	42	42	42	42	42	42	42	42	42	42	42	42	42	42	42	42	42	42	42	42	42	42	42	42	42	42	42	42	42	42	42	42	42	42	42	42	42	42	42	42	42	42	42	42	42	42	42	42	42	42	42	42	42	42	42	42	42	42	42	42	42	42	42	42	42	42	42	42	42	42	42	42	42	
42	42	42	42	42	42	42	42	42	42	42	42	42	42	42	42	42	42	42	42	42	42	42	42	42	42	42	42	42	42	42	42	42	42	42	42	42	42	42	42	42	42	42	42	42	42	42	42	42	42	42	42	42	42	51	61	61	42	42	42	42	53	53	51	51	51	51	51	51	51	51	42	42	42	42	42	42	42	42	42	42	42	42	42	42	42	42	42	42	42	42	42	42	42	42	42	42	42	42	42	42	42	42	42	42	42	42	42	42	42	42	42	42	42	42	42	42	42	42	42	42	42	42	42	42	42	42	42	42	42	42	42	42	42	42	42	42	42	42	42	42	42	42	42	42	42	42	42	
42	42	42	42	42	42	42	42	42	42	42	42	42	42	42	42	42	42	42	42	42	42	42	42	42	42	42	42	42	42	42	42	42	42	42	42	42	42	42	42	42	42	42	42	42	42	42	42	42	42	42	42	42	51	51	61	42	42	42	42	53	53	53	51	72	51	51	51	51	51	51	51	42	42	42	42	42	42	42	42	42	42	42	42	42	42	42	42	42	42	42	42	42	42	42	42	42	42	42	42	42	42	42	42	42	42	42	42	42	42	42	42	42	42	42	42	42	42	42	42	42	42	42	42	42	42	42	42	42	42	42	42	42	42	42	42	42	42	42	42	42	42	42	42	42	42	42	42	
42	42	42	42	42	42	42	42	42	42	42	42	42	42	42	42	42	42	42	42	42	42	42	42	42	42	42	42	42	42	42	42	42	42	42	42	42	42	42	42	42	42	42	42	42	42	42	42	42	42	42	42	51	51	51	42	42	42	42	53	53	53	53	42	42	42	51	51	51	51	51	51	51	42	42	42	42	42	42	42	42	42	42	42	42	42	42	42	42	42	42	42	42	42	42	42	42	42	42	42	42	42	42	42	42	42	42	42	42	42	42	42	42	42	42	42	42	42	42	42	42	42	42	42	42	42	42	42	42	42	42	42	42	42	42	42	42	42	42	42	42	42	42	42	42	42	42	42	
42	42	42	42	42	42	42	42	42	42	42	42	42	42	42	42	42	42	42	42	42	42	42	42	42	42	42	42	42	42	42	42	42	42	42	42	42	42	42	42	42	42	42	42	42	42	42	42	42	42	42	61	51	51	42	42	42	42	42	42	53	53	53	51	42	42	51	51	51	51	51	51	51	51	51	42	42	42	42	42	42	42	42	42	42	42	42	42	42	42	42	42	42	42	42	42	42	42	42	42	42	42	42	42	42	42	42	42	42	42	42	42	42	42	42	42	42	42	42	42	42	42	42	42	42	42	42	42	42	42	42	42	42	42	42	42	42	42	42	42	42	42	42	42	42	42	42	42	
42	42	42	42	42	42	42	42	42	42	42	42	42	42	42	42	42	42	42	42	42	42	42	42	42	42	42	42	42	42	42	42	42	42	42	42	42	42	42	42	42	42	42	42	42	42	42	42	42	51	51	61	51	42	42	42	42	42	42	42	42	53	53	51	51	51	51	51	51	51	51	51	51	51	51	51	51	42	42	42	42	42	42	42	42	42	42	42	42	42	42	42	42	42	42	42	42	42	42	42	42	42	42	42	42	42	42	42	42	42	42	42	42	42	42	42	42	42	42	42	42	42	42	42	42	42	42	42	42	42	42	42	42	42	42	42	42	42	42	42	42	42	42	42	42	42	42	42	
42	42	42	42	42	42	42	42	42	42	42	42	42	42	42	42	42	42	42	42	42	42	42	42	42	42	42	42	42	42	42	42	42	42	42	42	42	42	42	42	42	42	42	42	42	42	42	42	51	51	51	61	51	42	42	42	42	42	42	42	42	69	42	51	51	51	51	51	51	51	51	51	51	51	51	51	51	42	42	42	42	42	42	42	42	42	42	42	42	42	42	42	42	42	42	42	42	42	42	42	42	42	42	42	42	42	42	42	42	42	42	42	42	42	42	42	42	42	42	42	42	42	42	42	42	42	42	42	42	42	42	42	42	42	42	42	42	42	42	42	42	42	42	42	42	42	42	42	
42	42	42	42	42	42	42	42	42	42	42	42	42	42	42	42	42	42	42	42	42	42	42	42	42	42	42	42	42	42	42	42	42	42	42	42	42	42	42	42	42	42	42	42	42	42	42	51	51	51	51	61	51	51	42	51	42	42	42	42	69	69	42	42	51	51	51	51	51	51	51	51	51	51	51	51	51	51	51	42	42	42	42	42	42	42	42	42	42	42	42	42	42	42	42	42	42	42	42	42	42	42	42	42	42	42	42	42	42	42	42	42	42	42	42	42	42	42	42	42	42	42	42	42	42	42	42	42	42	42	42	42	42	42	42	42	42	42	42	42	42	42	42	42	42	42	42	42	
42	42	42	42	42	42	42	42	42	42	42	42	42	42	42	42	42	42	42	42	42	42	42	42	42	42	42	42	42	42	42	42	42	42	42	42	42	42	42	42	42	42	42	42	42	42	51	51	51	51	42	42	42	51	51	51	42	42	42	51	61	42	42	42	51	51	51	51	51	51	51	51	51	51	51	51	51	51	51	51	42	42	42	42	42	42	42	42	42	42	42	42	42	42	42	42	42	42	42	42	42	42	42	42	42	42	42	42	42	42	42	42	42	42	42	42	42	42	42	42	42	42	42	42	42	42	42	42	42	42	42	42	42	42	42	42	42	42	42	42	42	42	42	42	42	42	42	42	
42	42	42	42	42	42	42	42	42	42	42	42	42	42	42	42	42	42	42	42	42	42	42	42	42	42	42	42	42	42	42	42	42	42	42	42	42	42	42	42	42	42	42	42	42	42	51	51	51	51	42	42	42	51	51	51	61	42	51	51	42	42	42	51	51	51	51	51	51	51	51	51	51	51	51	51	51	51	51	51	42	42	42	42	42	42	42	42	42	42	42	42	42	42	42	42	42	42	42	42	42	42	42	42	42	42	42	42	42	42	42	42	42	42	42	42	42	42	42	42	42	42	42	42	42	42	42	42	42	42	42	42	42	42	42	42	42	42	42	42	42	42	42	42	42	42	42	42	
42	42	42	42	42	42	42	42	42	42	42	42	42	42	42	42	42	42	42	42	42	42	42	42	42	42	42	42	42	42	42	42	42	42	42	42	42	42	42	42	42	42	42	42	51	51	51	51	51	51	51	51	51	51	51	51	61	51	51	42	42	42	53	51	51	51	51	51	51	51	51	51	51	51	51	51	51	51	51	51	51	51	42	42	42	42	42	42	42	42	42	42	42	42	42	42	42	42	42	42	42	42	42	42	42	42	42	42	42	42	42	42	42	42	42	42	42	42	42	42	42	42	42	42	42	42	42	42	42	42	42	42	42	42	42	42	42	42	42	42	42	42	42	42	42	42	42	42	
42	42	42	42	42	42	42	42	42	42	42	42	42	42	42	42	42	42	42	42	42	42	42	42	42	42	42	42	42	42	42	42	42	42	42	42	42	42	42	42	42	42	42	42	51	51	51	51	51	51	51	51	51	51	51	51	61	51	42	42	42	53	53	51	51	51	51	51	51	51	51	51	51	51	51	51	51	51	51	51	51	51	42	42	42	42	42	42	42	42	42	42	42	42	42	42	42	42	42	42	42	42	42	42	42	42	42	42	42	42	42	42	42	42	42	42	42	42	42	42	42	42	42	42	42	42	42	42	42	42	42	42	42	42	42	42	42	42	42	42	42	42	42	42	42	42	42	42	
42	42	42	42	42	42	42	42	42	42	42	42	42	42	42	42	42	42	42	42	42	42	42	42	42	42	42	42	42	42	42	42	42	42	42	42	42	42	42	42	42	42	42	51	51	51	51	51	51	51	51	51	51	51	42	42	42	51	51	42	53	53	53	53	51	51	51	51	51	51	51	51	51	51	51	51	51	51	51	51	51	51	51	42	42	42	42	42	42	42	42	42	42	42	42	42	42	42	42	42	42	42	42	42	42	42	42	42	42	42	42	42	42	42	42	42	42	42	42	42	42	42	42	42	42	42	42	42	42	42	42	42	42	42	42	42	42	42	42	42	42	42	42	42	42	42	42	42	
42	42	42	42	42	42	42	42	42	42	42	42	42	42	42	42	42	42	42	42	42	42	42	42	42	42	42	42	42	42	42	42	42	42	42	42	42	42	42	42	42	42	42	51	51	51	51	51	51	51	51	51	51	51	42	42	42	42	51	51	53	53	53	53	53	51	51	51	51	51	51	51	51	51	51	51	51	51	51	51	51	51	51	51	51	42	42	42	42	42	42	42	42	42	42	42	42	42	42	42	42	42	42	42	42	42	42	42	42	42	42	42	42	42	42	42	42	42	42	42	42	42	42	42	42	42	42	42	42	42	42	42	42	42	42	42	42	42	42	42	42	42	42	42	42	42	42	42	
42	42	42	42	42	42	42	42	42	42	42	42	42	42	42	42	42	42	42	42	42	42	42	42	42	42	42	42	42	42	42	42	42	42	42	42	42	42	42	42	42	42	42	42	51	51	51	51	51	51	51	51	51	51	51	42	42	42	51	51	53	53	53	53	61	61	42	42	51	51	51	51	51	51	51	51	51	51	51	51	51	51	51	51	51	42	42	42	42	42	42	42	42	42	42	42	42	42	42	42	42	42	42	42	42	42	42	42	42	42	42	42	42	42	42	42	42	42	42	42	42	42	42	42	42	42	42	42	42	42	42	42	42	42	42	42	42	42	42	42	42	42	42	42	42	42	42	42	
42	42	42	42	42	42	42	42	42	42	42	42	42	42	42	42	42	42	42	42	42	42	42	42	42	42	42	42	42	42	42	42	42	42	42	42	42	42	42	42	42	42	42	42	42	51	51	51	51	51	51	51	51	51	51	51	51	51	51	51	53	53	53	61	61	42	42	42	42	51	51	51	51	51	51	51	51	51	51	51	51	51	51	51	42	42	42	42	42	42	42	42	42	42	42	42	42	42	42	42	42	42	42	42	42	42	42	42	42	42	42	42	42	42	42	42	42	42	42	42	42	42	42	42	42	42	42	42	42	42	42	42	42	42	42	42	42	42	42	42	42	42	42	42	42	42	42	42	
42	42	42	42	42	42	42	42	42	42	42	42	42	42	42	42	42	42	42	42	42	42	42	42	42	42	42	42	42	42	42	42	42	42	42	42	42	42	42	42	42	42	42	42	42	51	51	51	51	51	51	51	51	51	51	51	51	51	51	51	53	53	61	61	42	42	42	42	42	51	51	51	51	51	51	51	51	51	51	51	51	51	42	42	42	42	42	42	42	42	42	42	42	42	42	42	42	42	42	42	42	42	42	42	42	42	42	42	42	42	42	42	42	42	42	42	42	42	42	42	42	42	42	42	42	42	42	42	42	42	42	42	42	42	42	42	42	42	42	42	42	42	42	42	42	42	42	42	
42	42	42	42	42	42	42	42	42	42	42	42	42	42	42	42	42	42	42	42	42	42	42	42	42	42	42	42	42	42	42	42	42	42	42	42	42	42	42	42	42	42	42	42	42	42	51	51	51	51	51	51	51	51	51	51	51	51	51	51	53	61	61	42	42	42	42	42	42	51	51	51	51	51	51	51	51	51	51	51	51	42	42	42	42	42	42	42	42	42	42	42	42	42	42	42	42	42	42	42	42	42	42	42	42	42	42	42	42	42	42	42	42	42	42	42	42	42	42	42	42	42	42	42	42	42	42	42	42	42	42	42	42	42	42	42	42	42	42	42	42	42	42	42	42	42	42	42	
42	42	42	42	42	42	42	42	42	42	42	42	42	42	42	42	42	42	42	42	42	42	42	42	42	42	42	42	42	42	42	55	55	42	42	42	42	42	42	55	42	42	42	42	42	42	42	51	51	51	51	51	51	51	51	51	51	51	51	51	61	61	42	42	42	42	42	42	42	42	51	51	51	51	51	51	51	51	51	51	42	42	42	42	42	51	51	42	42	52	42	42	42	42	42	42	42	42	42	42	42	42	42	42	42	42	42	42	42	42	42	42	42	42	42	42	42	42	42	42	42	42	42	42	42	42	42	42	42	42	42	42	42	42	42	42	42	42	42	42	42	42	42	42	42	42	42	42	
42	42	42	42	42	42	42	42	42	42	42	42	42	42	42	42	42	42	42	42	42	42	42	42	42	42	42	42	42	42	42	55	55	42	42	42	55	55	55	55	55	55	55	42	42	42	42	42	51	51	51	51	51	51	51	51	51	51	51	51	73	42	42	42	42	42	42	42	42	51	51	51	51	51	51	51	51	51	51	42	42	42	42	42	51	51	51	42	42	51	42	42	42	42	42	42	42	42	42	42	42	42	42	42	42	42	42	42	42	42	42	42	42	42	42	42	42	42	42	42	42	42	42	42	42	42	42	42	42	42	42	42	42	42	42	42	42	42	42	42	42	42	42	42	42	42	42	42	
42	42	42	42	42	42	42	42	42	42	42	42	42	42	42	42	42	42	42	42	42	42	42	42	42	42	42	42	42	42	42	55	55	42	42	55	55	55	55	55	55	55	55	55	42	42	42	42	42	51	51	51	51	51	51	51	51	51	51	51	42	42	42	42	42	42	42	42	51	51	51	51	51	51	51	51	42	42	42	42	42	42	42	51	51	51	51	51	51	51	51	42	42	42	42	42	42	42	42	42	42	42	42	42	42	42	42	42	42	42	42	42	42	42	42	42	42	42	42	42	42	42	42	42	42	42	42	42	42	42	42	42	42	42	42	42	42	42	42	42	42	42	42	42	42	42	42	42	
42	42	42	42	42	42	42	42	42	42	42	42	42	42	42	42	42	42	42	42	42	42	42	42	42	42	42	42	42	42	42	55	55	55	55	55	55	55	55	55	55	55	55	55	55	42	42	42	42	51	51	51	51	51	51	51	51	51	51	42	42	42	42	42	42	42	42	51	51	51	51	51	51	51	51	51	42	42	42	42	42	42	42	51	51	51	51	51	51	51	51	51	42	42	42	42	42	42	42	42	42	42	42	42	42	42	42	42	42	42	42	42	42	42	42	42	42	42	42	42	42	42	42	42	42	42	42	42	42	42	42	42	42	42	42	42	42	42	42	42	42	42	42	42	42	42	42	42	
42	42	42	42	42	42	42	42	42	42	42	42	42	42	42	42	42	42	42	42	42	42	42	42	42	42	42	42	42	42	42	55	55	55	55	55	55	55	55	55	55	55	55	55	55	55	42	42	42	51	51	51	51	51	51	51	51	51	51	42	42	42	42	42	42	42	51	51	51	51	51	51	51	51	51	42	42	42	42	42	42	51	51	51	51	51	51	51	51	51	51	51	42	42	42	42	42	42	42	42	42	42	42	42	42	42	42	42	42	42	42	42	42	42	42	42	42	42	42	42	42	42	42	42	42	42	42	42	42	42	42	42	42	42	42	42	42	42	42	42	42	42	42	42	42	42	42	42	
42	42	42	42	42	42	42	42	42	42	42	42	42	42	42	42	42	42	42	42	42	42	42	42	42	42	42	42	42	42	51	51	55	55	55	55	55	55	55	55	55	55	55	55	55	42	42	42	42	51	51	51	51	51	51	51	51	51	42	42	42	42	42	42	42	51	51	51	51	51	51	51	51	51	42	42	42	42	42	42	51	51	51	51	51	51	51	51	51	51	51	51	51	42	42	42	42	42	42	42	42	42	42	42	42	42	42	42	42	42	42	42	42	42	42	42	42	42	42	42	42	42	42	42	42	42	42	42	42	42	42	42	42	42	42	42	42	42	42	42	42	42	42	42	42	42	42	42	
42	42	42	42	42	42	42	42	42	42	42	42	42	42	42	42	42	42	42	42	42	42	42	42	42	42	42	42	42	51	51	51	51	55	55	55	55	55	55	55	55	55	55	55	42	42	42	42	51	51	51	51	51	51	51	51	51	51	42	42	42	42	42	42	51	51	51	51	51	51	51	51	51	42	42	42	42	42	42	51	51	51	51	51	42	42	51	51	51	51	51	51	51	51	51	42	42	42	42	42	42	42	42	42	42	42	42	42	42	42	42	42	42	42	42	42	42	42	42	42	42	42	42	42	42	42	42	42	42	42	42	42	42	42	42	42	42	42	42	42	42	42	42	42	42	42	42	42	
42	42	42	42	42	42	42	42	42	42	42	42	42	42	42	42	42	42	42	42	42	42	42	42	42	42	42	42	42	51	51	51	51	51	55	55	55	55	55	55	55	55	55	42	42	42	51	51	51	51	51	51	51	51	51	51	51	51	51	42	51	51	42	51	51	51	51	51	51	51	51	51	42	42	42	42	42	42	51	51	51	51	51	42	42	42	42	51	51	51	51	51	51	51	51	51	42	42	42	42	42	42	42	42	42	42	42	42	42	42	42	42	42	42	42	42	42	42	42	42	42	42	42	42	42	42	42	42	42	42	42	42	42	42	42	42	42	42	42	42	42	42	42	42	42	42	42	42	
42	42	42	42	42	42	42	42	42	42	42	42	42	42	42	42	42	42	42	42	42	42	42	42	42	42	42	42	51	51	51	51	51	51	51	55	55	55	55	55	55	55	42	42	42	51	51	51	51	51	51	51	51	51	51	51	51	51	51	51	51	51	51	51	51	51	51	51	51	51	51	42	42	42	42	42	42	51	51	51	51	51	42	42	42	42	42	51	51	51	51	51	51	51	51	56	56	42	42	42	42	42	42	42	42	42	42	42	42	42	42	42	42	42	42	42	42	42	42	42	42	42	42	42	42	42	42	42	42	42	42	42	42	42	42	42	42	42	42	42	42	42	42	42	42	42	42	42	
42	42	42	42	42	42	42	42	42	42	42	42	42	42	42	42	42	42	42	42	42	42	42	42	42	42	51	51	51	51	51	51	51	51	51	51	55	55	55	55	55	42	42	42	51	51	51	51	51	51	51	51	51	51	51	51	51	51	51	51	51	51	51	51	51	51	51	51	51	42	42	42	42	42	42	70	51	51	51	51	51	42	42	42	42	56	52	52	51	51	51	51	51	51	56	56	56	52	42	42	42	42	42	42	42	42	42	42	42	42	42	42	42	42	42	42	42	42	42	42	42	42	42	42	42	42	42	42	42	42	42	42	42	42	42	42	42	42	42	42	42	42	42	42	42	42	42	42	
42	42	42	42	42	42	42	42	42	42	42	42	42	42	42	42	42	42	42	42	42	42	42	42	42	42	51	51	51	51	51	51	51	51	51	51	51	55	55	53	42	42	42	51	51	51	51	51	51	51	51	51	51	51	51	51	51	51	51	51	51	51	51	51	51	51	51	51	51	42	42	42	42	42	42	51	51	51	51	51	42	42	42	42	56	52	52	52	56	51	51	51	51	56	56	56	52	52	52	42	42	42	42	42	42	42	42	42	42	42	42	42	42	42	42	42	42	42	42	42	42	42	42	42	42	42	42	42	42	42	42	42	42	42	42	42	42	42	42	42	42	42	42	42	42	42	42	42	
42	42	42	42	42	42	42	42	42	42	42	42	42	42	42	42	42	42	42	42	42	42	42	42	51	51	51	51	51	51	51	51	51	51	51	51	51	51	53	42	42	42	51	51	51	51	51	51	51	51	51	51	51	51	51	51	51	51	51	51	51	51	51	51	51	51	51	51	42	42	42	42	42	42	50	51	51	51	51	42	42	42	42	56	52	52	52	56	56	56	51	51	56	56	56	52	52	52	52	52	42	42	42	42	42	42	42	42	42	42	42	42	42	42	42	42	42	42	42	42	42	42	42	42	42	42	42	42	42	42	42	42	42	42	42	42	42	42	42	42	42	42	42	42	42	42	42	42	
42	42	42	42	42	42	42	42	42	42	42	42	42	42	42	42	42	42	42	42	42	42	42	42	51	51	51	51	51	51	51	51	51	51	51	51	51	51	51	42	42	51	51	51	51	51	51	51	51	51	51	51	51	51	51	51	51	51	51	51	51	51	51	51	51	51	51	42	42	42	42	42	42	50	50	51	51	51	42	42	42	42	56	52	52	52	56	56	56	56	56	56	56	56	52	52	52	52	52	52	52	42	42	42	42	42	42	42	42	42	42	42	42	42	42	42	42	42	42	42	42	42	42	42	42	42	42	42	42	42	42	42	42	42	42	42	42	42	42	42	42	42	42	42	42	42	42	42	
42	42	42	42	42	42	42	42	42	42	42	42	42	42	42	42	42	42	42	42	42	42	42	51	51	51	51	51	51	51	51	51	51	51	51	51	51	51	51	51	51	51	51	51	51	51	51	42	42	51	51	51	51	51	51	51	51	51	51	51	51	51	51	51	51	51	42	42	42	42	42	42	50	50	50	51	51	42	42	42	42	50	52	52	42	42	42	56	56	56	56	56	56	52	52	52	52	52	52	52	52	52	42	42	42	42	42	42	42	42	42	42	42	42	42	42	42	42	42	42	42	42	42	42	42	42	42	42	42	42	42	42	42	42	42	42	42	42	42	42	42	42	42	42	42	42	42	42	
42	42	42	42	42	42	42	42	42	42	42	42	42	42	42	42	42	42	42	42	42	51	51	51	51	51	51	51	51	51	51	51	51	51	42	42	42	51	51	51	51	51	51	51	51	51	42	42	42	42	51	51	51	51	51	51	51	51	51	51	51	51	51	51	51	42	42	42	42	42	42	42	50	50	50	51	42	42	42	42	50	50	52	42	42	42	42	42	56	56	56	56	52	52	42	52	52	52	52	52	52	52	50	42	42	42	42	42	42	42	42	42	42	42	42	42	42	42	42	42	42	42	42	42	42	42	42	42	42	42	42	42	42	42	42	42	42	42	42	42	42	42	42	42	42	42	42	42	
42	42	42	42	42	42	42	42	42	42	42	42	42	42	42	42	42	42	42	42	42	51	51	51	51	51	51	51	51	51	51	51	51	42	42	42	42	42	51	51	51	51	51	51	51	42	42	42	42	42	42	51	51	51	51	51	51	51	51	51	51	51	51	51	42	42	42	42	42	50	50	50	50	50	50	42	42	42	42	50	50	50	42	42	42	42	42	42	56	42	56	52	52	42	42	42	52	52	52	52	52	52	50	50	42	42	42	42	42	42	42	42	42	42	42	42	42	42	42	42	42	42	42	42	42	42	42	42	42	42	42	42	42	42	42	42	42	42	42	42	42	42	42	42	42	42	42	42	
42	42	42	42	42	42	42	42	42	42	42	42	42	42	42	42	42	42	42	42	55	55	55	55	55	55	55	55	55	55	55	55	42	42	42	42	42	53	53	53	53	53	53	53	42	42	42	42	42	42	42	51	51	51	51	51	51	51	51	51	51	51	51	42	42	42	42	42	70	51	50	50	50	50	42	42	42	42	50	50	50	42	42	42	42	42	42	42	42	42	52	52	42	42	42	42	56	52	52	52	52	52	50	50	50	42	42	42	42	42	42	42	42	42	42	42	42	42	42	42	42	42	42	42	42	42	42	42	42	42	42	42	42	42	42	42	42	42	42	42	42	42	42	42	42	42	42	42	
42	42	42	42	42	42	42	42	42	42	42	42	42	42	42	42	42	42	42	42	42	55	55	55	55	55	55	55	55	55	55	42	42	42	42	42	53	53	53	53	53	53	53	42	42	42	42	42	42	42	42	51	51	51	51	51	51	51	51	51	51	51	51	42	42	42	42	70	51	51	51	50	50	42	42	42	42	50	50	50	50	42	42	42	42	42	42	42	42	52	52	42	42	42	42	56	56	56	52	52	52	52	50	50	50	50	42	42	42	42	42	42	42	42	42	42	42	42	42	42	42	42	42	42	42	42	42	42	42	42	42	42	42	42	42	42	42	42	42	42	42	42	42	42	42	42	42	42	
42	42	42	42	42	42	42	42	42	42	42	42	42	42	42	42	42	42	42	42	42	55	55	55	55	55	55	55	55	55	42	42	42	42	42	51	51	53	53	53	53	53	42	42	42	42	42	42	42	42	42	51	51	51	51	51	51	51	51	51	51	51	51	51	42	42	42	51	51	51	51	51	50	50	42	42	50	50	50	50	50	42	42	42	42	42	42	42	51	51	42	42	42	42	65	56	56	56	56	52	52	52	50	50	50	50	50	50	42	42	42	42	42	42	42	42	42	42	42	42	42	42	42	42	42	42	42	42	42	42	42	42	42	42	42	42	42	42	42	42	42	42	42	42	42	42	42	42	
42	42	42	42	42	42	42	42	42	42	42	42	42	42	42	42	42	42	42	42	42	42	55	55	55	55	55	55	55	42	42	42	42	42	51	51	51	51	53	53	53	42	42	42	42	42	42	42	42	51	51	51	51	51	51	51	51	51	51	51	51	51	51	51	51	42	42	51	51	51	51	51	51	50	50	50	50	50	50	50	50	50	50	42	42	51	42	51	51	42	42	42	42	65	65	56	56	56	56	56	52	52	50	50	50	50	50	50	42	42	42	42	42	42	42	42	42	42	42	42	42	42	42	42	42	42	42	42	42	42	42	42	42	42	42	42	42	42	42	42	42	42	42	42	42	42	42	42	
42	42	42	42	42	42	42	42	42	42	42	42	42	42	42	42	42	42	42	42	42	42	42	55	55	55	55	55	42	42	42	42	42	51	51	51	51	51	51	53	42	42	42	42	42	42	42	42	51	51	51	51	51	51	51	51	51	51	42	51	51	51	51	51	51	51	51	51	51	51	51	51	51	51	50	50	50	50	50	50	50	50	50	50	50	51	51	51	42	42	42	42	65	65	65	56	56	56	56	56	56	52	50	50	50	50	50	50	50	50	42	42	42	42	42	42	42	42	42	42	42	42	42	42	42	42	42	42	42	42	42	42	42	42	42	42	42	42	42	42	42	42	42	42	42	42	42	42	
42	42	42	42	42	42	42	42	42	42	42	42	42	42	42	42	42	42	42	42	42	42	42	42	55	55	55	42	42	42	42	42	51	51	51	51	51	51	51	51	42	42	42	42	42	42	42	51	51	51	51	51	51	51	51	51	51	42	42	42	51	51	51	51	51	51	51	51	51	51	51	51	51	51	51	50	50	50	50	50	50	50	50	50	50	51	51	42	42	42	42	50	65	42	42	56	56	56	56	56	56	56	50	50	50	50	50	50	50	50	42	42	42	42	42	42	42	42	42	42	42	42	42	42	42	42	42	42	42	42	42	42	42	42	42	42	42	42	42	42	42	42	42	42	42	42	42	42	
42	42	42	42	42	42	42	42	42	42	42	42	42	42	42	53	53	53	42	42	42	42	42	42	42	55	55	42	42	42	42	51	51	51	51	51	51	51	51	51	42	42	42	42	42	42	51	51	51	51	51	51	51	51	51	51	42	42	42	42	42	51	51	51	51	51	51	51	51	51	51	51	51	51	51	51	50	50	50	50	50	50	50	50	50	51	42	42	42	42	50	50	42	42	42	42	56	56	56	56	56	56	42	50	50	50	50	50	50	50	50	42	42	42	42	42	42	42	42	42	42	42	42	42	42	42	42	42	42	42	42	42	42	42	42	42	42	42	42	42	42	42	42	42	42	42	42	42	
42	42	42	42	42	42	42	42	42	42	42	42	42	42	42	53	53	53	53	42	42	42	42	42	42	42	42	42	42	42	51	51	51	51	51	51	51	51	51	51	42	42	42	42	42	51	51	51	51	51	51	51	51	51	51	42	42	42	42	42	42	51	51	51	51	51	51	51	51	51	51	51	51	51	51	51	51	50	50	50	50	50	50	50	50	42	42	42	42	50	50	42	42	42	42	42	42	56	56	56	56	42	42	42	50	50	50	50	50	50	50	50	42	42	42	42	42	42	42	42	42	42	42	42	42	42	42	42	42	42	42	42	42	42	42	42	42	42	42	42	42	42	42	42	42	42	42	42	
42	42	42	42	42	42	42	42	42	42	42	42	42	42	42	53	53	53	53	53	53	42	42	42	42	42	42	42	42	51	51	51	51	51	51	51	51	51	51	51	51	42	42	42	51	51	51	51	51	51	51	51	51	51	42	42	42	42	42	42	42	51	51	51	51	51	51	51	51	51	51	51	51	51	51	51	51	51	50	50	50	50	50	50	42	42	42	42	50	50	42	42	42	42	42	42	42	56	56	56	42	42	42	42	56	50	50	50	50	50	50	50	50	42	42	42	42	42	42	42	42	42	42	42	42	42	42	42	42	42	42	42	42	42	42	42	42	42	42	42	42	42	42	42	42	42	42	42	
42	42	42	42	42	42	42	42	42	42	42	42	42	42	42	42	53	53	53	53	53	53	42	42	42	42	42	42	51	51	51	51	51	51	51	51	51	51	51	51	51	51	51	51	51	51	51	51	51	51	51	51	51	42	42	42	42	42	42	51	51	51	51	51	51	51	51	51	51	51	51	51	51	51	51	51	51	51	51	50	50	50	50	42	42	42	42	50	50	42	42	42	42	42	42	42	56	56	56	42	42	42	42	56	56	56	50	50	50	50	50	50	50	50	42	42	42	42	42	42	42	42	42	42	42	42	42	42	42	42	42	42	42	42	42	42	42	42	42	42	42	42	42	42	42	42	42	42	
42	42	42	42	42	42	42	42	42	42	42	42	42	42	42	42	53	53	53	53	53	53	53	42	42	42	42	42	42	42	51	51	51	51	51	51	51	51	51	51	51	51	51	51	51	51	51	51	51	51	51	51	42	42	42	42	42	42	51	51	51	51	51	51	51	51	51	51	51	51	51	51	51	51	51	51	51	51	42	42	50	50	50	42	42	42	50	50	50	50	42	42	42	42	42	51	51	51	42	42	42	42	64	56	56	56	56	50	50	50	50	50	50	50	50	42	42	42	42	42	42	42	42	42	42	42	42	42	42	42	42	42	42	42	42	42	42	42	42	42	42	42	42	42	42	42	42	42	
42	42	42	42	42	42	42	42	42	42	42	42	42	42	42	53	53	53	53	53	53	53	53	53	42	42	42	42	42	42	51	51	51	51	51	51	51	51	51	51	51	51	51	51	51	51	51	51	51	51	51	42	42	42	42	42	42	51	51	51	51	51	51	51	51	51	51	51	51	51	51	51	51	51	51	51	51	42	42	42	42	50	50	50	42	50	50	50	50	50	50	42	42	42	51	51	51	42	42	42	42	64	64	56	56	56	56	56	50	50	50	50	50	50	50	50	50	42	42	42	42	42	42	42	42	42	42	42	42	42	42	42	42	42	42	42	42	42	42	42	42	42	42	42	42	42	42	42	
42	42	42	42	42	42	42	42	53	53	42	42	42	42	53	53	53	53	53	42	53	53	53	53	53	42	42	42	42	42	42	51	51	51	51	51	51	51	51	51	51	51	51	51	51	51	51	51	51	51	42	42	42	42	42	42	51	51	51	51	51	51	51	51	51	51	51	51	51	51	51	51	51	51	51	51	42	42	42	42	42	42	50	50	50	50	50	50	50	50	50	50	50	51	51	51	42	42	42	42	64	64	64	56	56	56	56	56	56	50	50	50	50	50	50	50	50	50	42	42	42	42	42	42	42	42	42	42	42	42	42	42	42	42	42	42	42	42	42	42	42	42	42	42	42	42	42	42	
42	42	42	42	42	42	42	53	53	53	53	42	42	53	53	53	53	53	42	42	42	53	53	53	53	53	42	42	42	42	42	51	51	51	51	51	51	51	51	51	51	51	51	51	51	51	51	51	51	42	42	42	42	42	42	42	51	51	51	51	51	51	51	51	42	51	42	42	51	51	51	51	51	51	51	42	42	42	54	54	42	42	42	50	50	50	50	50	50	50	50	50	50	51	51	42	42	42	42	64	64	42	42	42	56	56	56	56	56	56	50	50	50	50	50	50	50	50	50	50	42	42	42	42	42	42	42	42	42	42	42	42	42	42	42	42	42	42	42	42	42	42	42	42	42	42	42	42	
42	42	42	42	42	42	42	42	51	51	51	51	51	51	51	51	51	42	42	42	42	42	51	51	51	51	51	42	42	42	42	51	51	51	51	51	51	51	51	51	51	51	51	51	51	51	51	51	42	42	42	42	42	51	51	51	51	51	51	51	51	51	51	42	42	42	42	42	42	51	51	51	51	51	42	42	42	50	50	54	54	42	42	42	50	50	50	50	50	50	50	50	50	51	42	42	42	42	42	42	42	42	42	42	42	56	56	56	56	56	56	50	50	50	50	50	50	50	50	50	50	42	42	42	42	42	42	42	42	42	42	42	42	42	42	42	42	42	42	42	42	42	42	42	42	42	42	42	
42	42	42	42	42	42	42	42	42	51	51	51	51	51	51	51	67	42	42	42	42	42	42	51	51	51	51	51	42	51	51	51	51	51	51	51	51	51	51	51	51	51	51	51	51	51	51	42	42	42	42	42	51	51	51	51	51	51	51	51	51	51	51	42	42	42	42	42	42	51	51	51	51	42	42	42	50	50	50	50	54	54	42	42	42	50	50	50	50	50	50	50	50	42	42	42	42	42	42	42	42	42	42	42	42	56	56	56	56	56	56	56	42	50	50	50	50	50	50	50	50	50	42	42	42	42	42	42	42	42	42	42	42	42	42	42	42	42	42	42	42	42	42	42	42	42	42	42	
42	42	42	42	42	42	42	42	42	42	51	51	51	51	51	67	67	67	42	42	42	42	42	42	51	51	51	51	51	51	51	51	42	42	42	51	51	51	51	51	51	51	51	51	51	51	42	42	42	42	42	51	51	51	51	51	51	51	51	51	51	51	42	42	42	42	42	42	51	51	51	51	42	42	42	50	50	50	50	50	50	54	54	42	42	42	50	50	50	50	50	50	42	42	42	42	50	42	42	42	42	42	42	42	42	42	56	56	56	56	56	42	42	42	50	50	50	50	50	50	50	50	50	42	42	42	42	42	42	42	42	42	42	42	42	42	42	42	42	42	42	42	42	42	42	42	42	42	
42	42	42	42	42	42	42	42	42	42	42	51	51	51	51	51	51	51	51	42	42	42	42	42	51	51	51	51	51	51	51	51	42	42	42	42	51	51	51	51	51	51	51	51	51	42	42	42	42	42	42	51	51	51	51	51	51	51	51	51	51	51	51	42	42	42	42	51	51	51	51	42	42	42	50	50	50	50	50	50	50	50	54	54	42	42	42	50	50	50	50	42	42	42	42	50	50	42	50	42	42	42	42	42	42	42	56	56	56	56	42	42	42	42	50	50	50	50	50	50	50	50	50	50	42	42	42	42	42	42	42	42	42	42	42	42	42	42	42	42	42	42	42	42	42	42	42	42	
42	42	42	42	42	42	42	42	42	42	42	42	51	51	51	51	51	51	51	51	42	42	42	51	51	42	51	51	51	51	51	53	42	42	42	42	42	51	51	51	51	51	51	51	42	42	42	42	42	42	42	51	51	51	51	51	51	51	51	51	51	51	51	51	42	42	52	51	51	51	42	42	42	54	54	50	50	50	50	50	50	50	50	54	54	42	42	42	50	50	50	42	42	42	50	50	50	50	50	42	42	42	42	42	42	51	51	51	56	42	42	42	42	50	50	50	50	50	50	50	50	50	50	50	50	42	42	42	42	42	42	42	42	42	42	42	42	42	42	42	42	42	42	42	42	42	42	42	
42	42	42	42	42	42	42	42	42	42	42	42	42	51	51	51	51	51	51	51	51	42	51	51	42	42	42	51	51	51	53	53	53	53	42	42	42	42	51	51	51	51	51	42	42	42	42	42	42	42	42	42	51	51	51	51	51	51	51	51	51	51	51	51	51	52	52	51	51	42	42	42	54	54	54	54	50	50	50	50	50	50	50	50	54	54	42	42	50	50	50	50	42	50	50	50	50	50	50	50	42	42	42	42	51	51	51	51	42	42	42	42	50	50	50	50	50	50	50	50	50	50	50	50	50	42	42	42	42	42	42	42	42	42	42	42	42	42	42	42	42	42	42	42	42	42	42	42	
42	42	42	42	42	42	42	42	42	42	42	42	42	42	51	51	51	51	51	51	51	51	51	42	42	42	42	42	51	53	53	53	53	53	53	42	42	42	42	51	51	51	42	42	42	42	42	42	42	42	52	51	51	51	51	51	51	51	51	51	51	51	51	51	51	52	52	51	51	42	42	54	54	54	54	54	54	50	50	50	50	50	50	50	50	54	42	42	42	50	50	50	50	50	50	50	50	50	50	50	50	42	42	51	51	51	51	42	42	42	42	50	50	50	50	50	50	50	50	50	50	50	50	50	42	42	42	42	42	42	42	42	42	42	42	42	42	42	42	42	42	42	42	42	42	42	42	42	
42	42	42	42	42	42	42	42	42	42	42	42	42	42	42	51	51	51	51	51	51	51	67	42	42	42	42	42	42	53	53	53	53	53	53	53	42	42	42	42	51	42	42	42	42	42	42	42	42	52	51	51	51	51	51	51	51	51	51	51	51	51	51	51	51	52	52	51	42	42	54	54	54	54	54	54	54	54	50	42	42	50	50	50	50	50	54	42	42	42	50	50	50	50	50	50	50	50	50	50	50	50	50	51	51	51	42	42	42	42	50	50	50	50	50	50	50	50	50	50	50	50	50	42	42	42	42	42	42	42	42	42	42	42	42	42	42	42	42	42	42	42	42	42	42	42	42	42	
42	42	42	42	42	42	42	42	42	42	42	42	42	42	42	42	51	51	51	51	51	53	53	53	53	42	42	42	42	53	53	53	53	53	53	53	42	42	42	42	42	42	42	42	42	42	42	42	52	51	51	51	51	51	51	51	51	51	51	51	51	51	51	51	51	52	52	42	42	42	54	54	54	54	54	54	54	54	62	42	42	42	50	50	50	50	50	42	42	42	50	50	50	50	50	50	50	50	50	50	50	50	50	51	51	42	42	42	42	50	50	50	50	50	50	50	50	50	50	50	50	50	42	42	42	42	42	42	42	50	42	42	42	42	42	42	42	42	42	42	42	42	42	42	42	42	42	42	
42	42	42	42	42	42	42	42	42	42	42	42	42	42	42	42	42	51	51	51	53	53	53	53	53	53	42	42	53	53	53	53	53	53	53	42	42	42	42	42	42	42	42	42	42	42	42	52	51	51	51	51	51	42	42	51	51	51	51	51	51	51	51	51	51	52	42	42	42	42	54	54	54	54	54	54	54	62	62	62	42	42	50	50	50	50	50	50	42	50	50	50	50	50	50	50	50	50	50	50	50	50	50	51	42	42	42	42	50	50	50	50	50	50	50	50	50	50	50	50	50	42	42	42	42	42	42	57	50	50	50	42	42	42	42	42	42	42	42	42	42	42	42	42	42	42	42	42	
42	42	42	42	42	42	42	42	42	42	42	42	42	42	42	42	42	42	51	53	53	53	53	53	53	53	53	53	53	53	53	53	53	53	42	42	42	42	42	42	42	42	42	42	42	42	52	51	51	51	51	51	42	42	42	42	51	51	51	51	51	51	51	51	51	42	42	42	42	42	42	54	54	54	54	54	62	62	62	62	42	42	50	50	50	50	50	50	50	50	50	50	50	50	50	50	50	50	50	50	50	50	50	42	42	42	42	50	50	50	50	50	50	50	50	50	50	50	50	50	42	42	42	42	42	42	42	50	50	50	42	42	42	42	42	42	42	42	42	42	42	42	42	42	42	42	42	42	
42	42	42	42	42	42	42	42	42	42	42	42	42	42	42	42	42	42	42	53	53	53	53	53	53	53	53	53	53	53	53	53	53	42	42	42	42	42	42	42	42	42	42	42	42	52	51	51	51	51	51	42	42	42	42	42	42	51	51	51	51	51	51	51	51	42	42	42	42	42	42	42	54	54	54	62	62	62	62	62	42	42	42	50	50	50	50	50	42	42	50	50	50	50	50	50	50	50	50	50	50	50	42	42	42	42	50	50	50	50	50	50	50	50	50	50	50	50	50	42	42	42	42	42	42	42	42	50	50	50	42	42	42	42	42	42	42	42	42	42	42	42	42	42	42	42	42	42	
42	42	42	42	42	42	42	42	42	42	42	42	42	42	42	42	42	42	42	42	53	53	53	53	53	53	53	53	53	53	53	53	42	42	42	42	42	42	42	42	42	42	42	42	42	51	51	51	51	51	42	42	42	42	42	42	42	42	42	51	51	51	51	51	51	42	42	42	42	42	42	42	42	42	42	62	62	62	62	42	42	42	42	50	50	50	50	50	42	42	50	50	50	50	50	50	50	50	50	50	50	42	42	42	42	50	50	50	50	50	50	50	50	50	50	50	50	50	42	42	42	42	42	42	42	42	42	50	50	50	50	42	42	42	42	42	42	42	42	42	42	42	42	42	42	42	42	42	
42	42	42	42	42	42	42	42	42	42	42	42	42	42	42	42	42	42	42	42	42	53	53	53	53	53	53	53	53	53	53	42	42	42	42	42	42	42	42	42	42	42	42	42	42	51	51	51	51	42	42	42	42	42	42	42	42	42	42	42	51	51	51	51	51	52	42	42	42	42	42	42	42	42	42	42	42	42	42	42	59	59	42	42	50	50	50	50	50	50	50	50	50	50	50	50	50	50	50	50	50	42	42	42	50	50	50	50	50	50	50	50	50	50	50	50	50	42	42	42	42	42	42	42	42	50	50	50	50	50	50	50	42	42	42	42	42	42	42	42	42	42	42	42	42	42	42	42	
42	42	42	42	42	42	42	42	42	42	42	42	42	42	42	42	42	42	42	42	42	42	53	53	53	53	53	53	53	53	42	42	42	42	42	42	42	42	42	42	42	42	52	51	51	51	42	42	42	42	42	42	42	42	42	42	42	42	42	42	42	51	51	51	51	52	52	42	42	42	42	42	42	42	42	42	42	59	59	59	59	59	42	42	50	50	50	50	50	50	50	50	50	50	50	50	50	50	50	50	50	50	42	50	50	50	50	50	50	50	50	50	50	50	50	50	42	42	42	42	42	42	42	42	50	50	50	50	50	50	50	50	50	42	42	42	42	42	42	42	42	42	42	42	42	42	42	42	
42	42	42	42	42	42	42	42	42	42	42	42	42	42	42	42	42	42	42	42	42	42	42	53	53	53	53	53	53	42	42	42	42	42	42	42	42	42	42	42	42	52	51	51	51	51	42	42	42	42	42	42	42	42	42	42	42	42	42	42	42	50	50	50	50	50	50	50	42	42	42	42	42	42	42	42	50	50	50	50	50	50	50	42	50	50	50	50	50	50	50	50	50	50	50	50	50	50	50	50	50	50	50	50	50	50	50	50	50	50	50	50	50	50	50	42	42	42	42	42	42	42	42	42	50	50	50	50	50	50	50	50	50	50	42	42	42	42	42	42	42	42	42	42	42	42	42	42	
42	42	42	42	42	42	42	42	42	42	42	42	42	42	42	42	42	42	42	42	42	42	42	42	53	53	53	53	42	42	42	42	42	42	42	42	42	42	42	42	52	51	51	51	51	51	42	42	42	42	42	42	42	42	42	42	42	42	42	42	50	50	50	50	50	50	50	50	50	50	42	42	42	42	42	50	50	50	50	50	50	50	50	50	50	50	50	50	50	50	50	50	50	50	50	50	50	50	50	50	50	50	50	50	50	50	50	50	50	50	50	50	50	50	42	42	42	42	42	42	42	42	50	50	50	50	50	50	50	50	50	50	50	50	50	42	42	42	42	42	42	42	42	42	42	42	42	42	
42	42	42	42	42	42	42	42	42	42	42	42	42	42	42	42	42	42	42	42	42	42	42	42	42	53	53	42	42	42	42	42	42	42	42	42	52	42	42	52	51	51	51	51	51	51	51	42	42	42	42	42	42	42	42	42	42	42	42	50	50	50	50	50	50	50	50	50	50	50	50	42	42	42	50	50	50	50	50	50	50	50	50	50	50	50	50	50	50	50	50	50	50	50	50	50	50	50	50	50	50	50	50	50	50	50	50	50	50	50	50	50	50	42	42	42	42	42	42	42	42	50	50	50	50	50	50	50	50	50	50	50	50	50	50	50	42	42	42	42	42	42	42	42	42	42	42	42	
42	42	42	42	42	42	42	42	42	42	42	42	42	42	42	42	42	42	42	42	42	42	42	42	42	42	42	42	42	42	42	42	42	42	42	42	52	52	52	51	51	51	51	51	51	51	51	68	42	42	42	42	42	42	42	42	42	42	50	50	50	50	50	42	42	50	50	50	50	50	50	50	42	50	50	50	50	50	50	50	50	50	50	50	50	50	50	50	50	50	50	50	50	50	50	50	50	50	50	50	50	50	50	50	50	50	50	50	50	50	50	50	42	42	42	42	42	42	42	42	50	50	50	50	50	50	50	50	50	50	50	50	50	50	50	50	50	42	42	42	42	42	42	42	42	42	42	42	
42	42	42	42	42	42	42	42	42	42	42	42	42	42	42	42	42	42	42	42	42	42	42	42	42	42	42	42	42	42	42	42	42	42	42	42	52	52	51	51	51	51	51	51	51	51	51	68	42	42	42	42	42	42	42	42	42	50	50	50	50	50	42	42	42	42	42	50	50	50	50	50	50	50	50	50	50	50	50	50	50	50	50	50	50	50	50	50	50	50	50	50	50	50	50	50	50	50	50	50	50	50	50	50	50	50	50	50	50	50	50	42	42	42	42	42	42	42	42	50	50	50	50	50	50	50	50	50	50	50	50	50	50	50	50	50	50	50	42	42	42	42	42	42	42	42	42	42	
42	42	42	42	42	42	42	42	42	42	42	42	42	42	42	42	42	42	42	42	42	42	42	42	42	42	42	42	42	42	42	42	42	42	52	52	52	51	51	51	51	51	51	51	51	51	51	68	68	42	42	42	42	42	42	52	50	50	50	50	50	42	42	42	42	42	42	42	50	50	50	50	50	50	50	50	50	50	50	50	50	50	50	50	50	50	50	50	50	50	50	50	50	50	50	50	50	50	50	50	50	50	50	50	50	50	50	50	50	50	42	42	42	42	42	42	42	42	50	50	50	50	50	50	50	50	50	50	50	50	50	50	50	50	50	50	50	50	50	42	42	42	42	42	42	42	42	42	
42	42	42	42	42	42	42	42	42	42	42	42	42	42	42	42	42	42	42	42	42	42	42	42	42	42	42	42	42	42	42	42	42	52	52	52	51	51	51	51	51	51	51	51	51	51	51	68	42	42	42	42	42	42	42	52	52	50	50	50	42	42	42	42	42	42	42	42	42	50	50	50	50	50	50	50	50	50	50	50	50	50	50	50	50	50	50	50	50	50	50	50	50	50	50	50	50	50	50	50	50	50	50	50	50	50	50	50	50	42	42	42	42	42	42	42	42	50	50	50	50	50	50	50	50	50	50	42	50	50	50	50	50	50	50	50	50	50	50	50	42	42	42	42	42	42	42	42	
42	42	42	42	42	42	42	42	42	42	42	42	42	42	42	42	42	42	42	42	42	42	42	42	42	42	42	42	42	42	42	42	52	52	52	51	51	51	51	51	51	51	51	51	51	51	51	42	42	42	42	42	42	42	42	52	52	52	50	42	42	42	42	42	42	42	42	42	42	42	50	50	50	50	50	50	50	50	50	50	50	50	50	50	50	50	50	50	50	50	50	50	50	50	50	50	50	50	50	50	50	50	50	50	50	50	50	50	42	42	42	42	42	42	42	42	50	50	50	50	50	50	50	50	50	50	42	42	42	50	50	50	50	50	50	50	50	50	50	50	50	42	42	42	42	42	42	42	
42	42	42	42	42	42	42	42	42	42	42	42	42	42	42	42	42	42	42	42	42	42	42	42	42	42	42	42	42	42	42	52	52	52	51	51	51	51	51	51	51	51	51	51	51	51	42	42	42	42	42	42	42	42	42	52	52	52	51	42	42	42	42	42	42	42	42	42	42	42	42	50	50	50	50	50	50	50	50	50	50	50	50	50	50	50	50	50	50	50	50	50	50	50	50	50	50	50	50	50	50	50	50	50	50	50	50	42	42	42	42	42	42	42	42	50	50	50	50	50	50	50	50	50	50	42	42	42	42	42	50	50	50	50	50	50	50	50	50	50	50	50	42	42	42	42	42	42	
42	42	42	42	42	42	42	42	42	42	42	42	42	42	42	42	42	42	42	42	42	42	42	42	42	42	42	42	42	42	42	42	52	51	51	51	51	51	51	51	51	51	51	51	51	42	42	42	42	42	42	42	52	52	52	52	52	42	42	42	42	42	42	42	42	42	42	42	42	42	42	42	50	50	50	50	50	50	50	50	50	50	50	50	50	50	50	50	50	50	50	50	50	50	50	50	50	50	50	50	50	50	50	50	50	50	42	42	42	42	42	42	42	42	50	50	50	50	50	50	50	50	50	50	50	50	42	42	42	42	50	50	50	50	50	50	50	50	50	50	50	42	42	42	42	42	42	42	
42	42	42	42	42	42	42	42	42	42	42	42	42	42	42	42	42	42	42	42	42	42	42	42	42	42	42	42	42	42	42	42	42	51	51	51	51	51	51	51	51	51	51	51	42	42	42	42	42	42	42	52	52	52	52	52	42	42	42	42	42	42	42	42	42	42	42	42	42	42	42	50	50	50	50	50	50	50	50	50	50	50	50	50	50	50	50	50	50	50	50	50	50	50	50	50	50	50	50	50	50	50	50	50	50	42	42	42	42	42	42	42	42	50	50	50	50	50	50	50	50	50	50	50	50	50	50	42	42	50	50	50	50	50	50	50	50	50	50	50	42	42	42	42	42	42	42	42	
42	42	42	42	42	42	42	42	42	42	42	42	42	42	42	42	42	42	42	42	42	42	42	42	42	42	42	42	42	42	42	42	42	42	51	51	51	51	51	51	51	51	51	42	42	42	42	42	42	42	42	52	52	52	52	52	52	42	42	42	42	42	42	42	42	42	42	42	42	50	50	50	50	50	50	50	50	50	50	50	50	50	50	50	50	50	50	50	50	50	50	50	50	50	50	50	50	50	50	50	50	50	50	50	50	42	42	42	42	42	42	42	50	50	50	50	50	50	50	50	50	50	50	50	50	50	50	50	50	50	50	50	50	50	50	50	50	50	50	42	42	42	42	42	42	42	42	42	
42	42	42	42	42	42	42	42	42	42	42	42	42	42	42	42	42	42	42	42	42	42	42	42	42	42	42	42	42	42	42	42	42	42	42	51	51	51	51	51	51	42	42	42	42	42	42	66	52	52	52	52	52	52	52	52	52	52	42	42	42	42	42	42	42	42	42	42	50	50	50	50	50	42	42	50	50	50	50	50	50	50	50	50	50	50	50	50	50	50	50	50	50	50	50	50	50	50	50	50	50	50	50	50	50	50	42	42	57	42	42	42	50	50	50	50	50	42	50	50	50	50	50	50	50	50	50	50	50	50	50	50	50	50	50	50	50	50	42	42	42	42	42	42	42	42	42	42	
42	42	42	42	42	42	42	42	42	42	42	42	42	42	42	42	42	42	42	42	42	42	42	42	42	42	42	42	42	42	42	42	42	42	42	42	51	51	51	51	42	42	42	42	42	42	42	52	52	52	52	52	52	52	52	52	52	52	42	42	42	42	42	42	42	42	42	50	50	50	50	50	42	42	42	42	50	50	50	50	50	50	50	50	50	50	50	50	50	50	50	50	50	50	50	50	50	50	50	50	50	50	50	50	50	50	50	42	50	50	50	50	50	50	50	50	42	42	42	50	50	50	50	50	50	50	50	50	50	50	50	50	50	50	50	50	50	42	42	42	42	42	42	42	42	42	42	42	
42	42	42	42	42	42	42	42	42	42	42	42	42	42	42	42	42	42	42	42	42	42	42	42	42	42	42	42	42	42	42	42	42	42	42	42	42	51	51	42	42	42	42	42	42	42	52	52	52	52	52	52	52	52	52	52	52	52	66	42	42	42	42	42	42	42	50	50	50	50	50	42	42	42	42	42	42	50	50	50	50	50	50	50	50	50	50	50	50	50	50	50	50	50	50	50	50	50	50	50	50	50	50	50	50	50	50	50	50	50	50	50	50	50	50	42	42	42	42	42	50	50	50	50	50	50	50	50	50	50	50	50	50	50	50	50	42	42	42	42	42	42	42	42	42	42	42	42	
42	42	42	42	42	42	42	42	42	42	42	42	42	42	42	42	42	42	42	42	42	42	42	42	42	42	42	42	42	42	42	42	42	42	42	42	42	42	42	42	42	42	42	42	42	52	52	52	52	52	52	52	52	52	52	52	52	52	66	42	42	42	42	42	42	50	50	50	50	50	42	42	42	42	42	42	42	42	50	50	50	50	50	50	50	50	50	50	50	50	50	50	50	50	50	50	50	50	50	50	50	50	50	50	50	50	50	50	50	50	50	50	50	50	50	50	42	42	42	42	42	58	58	58	58	58	58	58	58	58	58	58	58	58	58	42	42	42	42	42	42	42	42	42	42	42	42	42	
42	42	42	42	42	42	42	42	42	42	42	42	42	42	42	42	42	42	42	42	42	42	42	42	42	42	42	42	42	42	42	42	42	42	42	42	42	42	42	42	42	42	42	66	52	52	52	52	52	52	52	52	52	52	52	52	52	52	42	42	42	42	42	42	42	50	50	50	50	42	42	42	42	42	42	42	42	42	42	50	50	50	50	50	50	50	50	50	50	50	50	50	50	50	50	50	50	50	50	50	50	50	50	50	50	50	50	50	50	50	50	50	50	50	50	50	50	42	42	42	42	42	58	58	58	58	58	58	58	58	58	58	58	58	42	42	42	42	42	42	42	42	42	42	42	42	42	42	
42	42	42	42	42	42	42	42	42	42	42	42	42	42	42	42	42	42	42	42	42	42	42	42	42	42	42	42	42	42	42	42	42	42	42	42	42	42	42	42	42	42	66	52	52	52	52	52	52	52	52	52	52	52	52	52	52	42	42	42	42	42	42	42	42	50	50	50	42	42	42	42	42	42	42	42	42	42	42	42	50	50	50	50	50	50	50	50	50	50	50	50	50	50	50	50	50	50	50	50	50	50	50	50	50	50	50	50	50	50	50	50	50	50	50	50	50	50	42	42	42	42	42	58	58	58	58	58	58	58	58	58	58	42	42	42	42	42	42	42	42	42	42	42	42	42	42	42	
42	42	42	42	42	42	42	42	42	42	42	42	42	42	42	42	42	42	42	42	42	42	42	42	42	42	42	42	42	42	42	42	42	42	42	42	42	42	42	42	42	66	52	52	52	52	52	52	52	52	52	52	52	52	52	52	42	42	42	42	42	42	42	50	50	50	50	42	42	42	42	42	42	42	42	42	42	42	42	42	42	50	50	50	50	50	50	50	50	50	50	50	50	50	50	50	50	50	50	50	50	50	50	50	50	50	50	50	50	50	50	50	50	50	50	50	50	50	50	42	42	42	42	42	58	58	58	58	58	58	58	58	42	42	42	42	42	42	42	42	42	42	42	42	42	42	42	42	
42	42	42	42	42	42	42	42	42	42	42	42	42	42	42	42	42	42	42	42	42	42	42	42	42	42	42	42	42	42	42	42	42	42	42	42	42	42	42	42	42	42	52	52	52	52	52	52	52	52	52	52	52	52	42	42	42	42	42	42	42	59	59	59	59	54	54	42	42	42	42	42	42	42	42	42	42	42	42	42	42	50	50	50	50	50	50	50	50	50	50	50	50	50	50	50	50	50	50	50	50	50	50	50	50	50	50	50	50	50	50	50	50	42	50	50	50	50	50	50	42	42	42	42	42	58	58	58	58	58	58	42	42	42	42	42	42	42	42	42	42	42	42	42	42	42	42	42	
42	42	42	42	42	42	42	42	42	42	42	42	42	42	42	42	42	42	42	42	42	42	42	42	42	42	42	42	42	42	42	42	42	42	42	42	42	42	42	42	42	42	42	52	52	52	52	52	52	52	52	52	52	42	42	42	42	42	42	42	42	59	59	59	54	54	42	42	42	42	42	42	42	42	42	42	42	42	42	42	50	50	50	50	50	50	50	50	50	50	50	50	50	42	50	50	50	50	50	50	50	50	50	50	50	50	50	50	50	50	50	50	50	42	42	63	63	63	63	63	50	42	42	42	42	42	58	58	58	58	42	42	42	42	42	42	42	42	42	42	42	42	42	42	42	42	42	42	
42	42	42	42	42	42	42	42	42	42	42	42	42	42	42	42	42	42	42	42	42	42	42	42	42	42	42	42	42	42	42	42	42	42	42	42	42	42	42	42	42	42	42	42	52	52	52	52	52	52	52	42	42	42	42	42	42	59	42	42	42	59	59	54	54	54	54	42	42	42	42	42	42	42	42	42	42	42	42	50	50	50	50	50	50	50	50	50	50	50	50	50	42	42	42	50	50	50	50	50	50	50	50	50	50	50	50	50	50	50	50	50	50	50	42	42	63	63	63	50	50	50	42	42	42	42	42	58	58	42	42	42	42	42	42	42	42	42	42	42	42	42	42	42	42	42	42	42	
42	42	42	42	42	42	42	42	42	42	42	42	42	42	42	42	42	42	42	42	42	42	42	42	42	42	42	42	42	42	42	42	42	42	42	42	42	42	42	42	42	42	42	42	42	52	52	52	52	52	42	42	42	42	42	42	42	59	59	59	59	59	54	54	54	54	54	54	42	42	42	42	42	42	42	42	42	42	50	50	50	50	50	50	50	50	50	50	50	50	50	42	42	42	42	42	50	50	50	50	50	50	50	50	50	50	50	50	50	50	50	50	50	50	50	42	42	63	50	50	50	50	50	42	42	42	42	42	42	42	42	42	42	42	42	42	42	42	42	42	42	42	42	42	42	42	42	42	
42	42	42	42	42	42	42	42	42	42	42	42	42	42	42	42	42	42	42	42	42	42	42	42	42	42	42	42	42	42	42	42	42	42	42	42	42	42	42	42	42	42	42	42	42	42	52	52	52	42	42	42	42	42	42	42	42	59	59	59	59	54	54	54	54	54	54	54	42	42	42	42	42	42	42	42	42	50	50	50	50	50	50	50	50	50	50	50	50	50	42	42	42	42	42	42	50	50	50	50	50	50	50	50	50	50	50	42	42	50	50	50	50	50	50	50	42	50	50	50	50	50	50	50	42	42	42	42	42	42	42	42	42	42	42	42	42	42	42	42	42	42	42	42	42	42	42	42	
42	42	42	42	42	42	42	42	42	42	42	42	42	42	42	42	42	42	42	42	42	42	42	42	42	42	42	42	42	42	42	42	42	42	42	42	42	42	42	42	42	42	42	42	42	42	42	52	42	42	42	42	42	42	42	59	59	59	59	59	54	54	54	54	54	54	54	54	42	42	42	42	42	42	42	42	50	50	50	50	50	50	50	50	50	50	50	50	50	42	42	42	42	42	42	42	50	50	50	50	50	50	50	50	50	50	42	42	42	42	50	50	50	50	50	50	50	50	50	50	50	50	50	50	42	42	42	42	42	42	42	42	42	42	42	42	42	42	42	42	42	42	42	42	42	42	42	42	
42	42	42	42	42	42	42	42	42	42	42	42	42	42	42	42	42	42	42	42	42	42	42	42	42	42	42	42	42	42	42	42	42	42	42	42	42	42	42	42	42	42	42	42	42	42	42	42	42	42	42	42	42	42	59	59	59	59	59	54	54	54	54	54	54	54	54	42	42	42	42	42	42	42	42	50	50	50	50	50	50	50	50	50	50	50	50	50	42	42	42	42	42	42	50	50	50	50	50	50	50	50	50	50	50	50	42	42	42	42	50	50	50	50	50	50	50	50	50	50	50	50	50	42	42	42	42	42	42	42	42	42	42	42	42	42	42	42	42	42	42	42	42	42	42	42	42	42	
42	42	42	42	42	42	42	42	42	42	42	42	42	42	42	42	42	42	42	42	42	42	42	42	42	42	42	42	42	42	42	42	42	42	42	42	42	42	42	42	42	42	42	42	42	42	42	42	42	42	42	42	42	59	59	59	59	59	54	54	54	54	54	54	54	54	42	42	42	42	42	42	42	42	42	50	50	50	50	50	50	50	50	50	50	50	50	42	42	42	42	42	42	50	50	50	50	50	50	50	50	50	50	50	50	50	50	42	42	50	50	50	50	50	50	50	50	50	50	50	50	50	42	42	42	42	42	42	42	42	42	42	42	42	42	42	42	42	42	42	42	42	42	42	42	42	42	42	
42	42	42	42	42	42	42	42	42	42	42	42	42	42	42	42	42	42	42	42	42	42	42	42	42	42	42	42	42	42	42	42	42	42	42	42	42	42	42	42	42	42	42	42	42	42	42	42	42	42	42	59	59	59	59	59	59	54	54	54	54	54	54	54	54	42	42	42	42	42	42	42	42	42	42	50	50	50	50	50	50	50	50	50	50	50	42	42	42	42	42	42	42	50	50	50	50	50	50	50	50	50	50	50	50	50	50	50	50	50	50	50	50	50	50	50	50	50	50	50	50	42	42	42	42	42	42	42	42	42	42	42	42	42	42	42	42	42	42	42	42	42	42	42	42	42	42	42	
42	42	42	42	42	42	42	42	42	42	42	42	42	42	42	42	42	42	42	42	42	42	42	42	42	42	42	42	42	42	42	42	42	42	42	42	42	42	42	42	42	42	42	42	42	42	42	42	42	42	42	59	59	59	59	59	54	54	54	54	54	54	54	54	42	42	42	42	42	42	42	42	50	50	50	50	50	42	50	50	50	50	50	50	50	42	42	42	42	42	42	42	42	50	50	50	50	50	50	50	50	50	50	50	50	50	50	50	50	50	50	50	50	50	50	50	50	50	50	50	42	42	42	42	42	42	42	42	42	42	42	42	42	42	42	42	42	42	42	42	42	42	42	42	42	42	42	42	
42	42	42	42	42	42	42	42	42	42	42	42	42	42	42	42	42	42	42	42	42	42	42	42	42	42	42	42	42	42	42	42	42	42	42	42	42	42	42	42	42	42	42	42	42	42	42	42	42	42	42	42	59	59	59	54	54	54	54	54	54	54	54	42	42	42	42	42	42	42	42	50	50	50	50	50	52	42	42	50	50	50	50	50	42	42	42	42	42	42	42	42	50	50	50	50	50	50	50	50	50	50	50	42	42	50	50	50	50	50	50	50	50	50	50	50	50	50	50	42	42	42	42	42	42	42	42	42	42	42	42	42	42	42	42	42	42	42	42	42	42	42	42	42	42	42	42	42	
42	42	42	42	42	42	42	42	42	42	42	42	42	42	42	42	42	42	42	42	42	42	42	42	42	42	42	42	42	42	42	42	42	42	42	42	42	42	42	42	42	42	42	42	42	42	42	42	42	42	42	42	42	59	54	54	54	54	54	54	54	54	42	42	42	42	42	42	42	42	50	50	50	50	50	54	52	42	42	42	50	50	50	42	42	42	42	42	42	42	42	50	50	50	50	50	50	50	50	50	50	50	50	50	42	42	50	50	50	50	50	50	50	50	50	50	50	50	50	50	42	42	42	42	42	42	42	42	42	42	42	42	42	42	42	42	42	42	42	42	42	42	42	42	42	42	42	42	
42	42	42	42	42	42	42	42	42	42	42	42	42	42	42	42	42	42	42	42	42	42	42	42	42	42	42	42	42	42	42	42	42	42	42	42	42	42	42	42	42	42	42	42	42	42	42	42	42	42	42	42	42	42	54	54	54	54	54	54	54	42	42	42	42	42	42	50	50	50	50	50	50	50	54	54	54	52	42	42	42	42	42	42	42	42	42	42	42	42	50	50	50	50	50	50	50	50	50	50	50	50	50	50	57	42	42	50	50	50	50	50	50	50	50	50	50	50	50	50	50	42	42	42	42	42	42	42	42	42	42	42	42	42	42	42	42	42	42	42	42	42	42	42	42	42	42	42	
42	42	42	42	42	42	42	42	42	42	42	42	42	42	42	42	42	42	42	42	42	42	42	42	42	42	42	42	42	42	42	42	42	42	42	42	42	42	42	42	42	42	42	42	42	42	42	42	42	42	42	42	42	42	42	54	54	54	54	42	42	42	42	42	42	42	42	50	50	50	50	50	50	60	54	54	54	54	42	42	42	42	42	42	42	42	42	42	42	50	50	50	50	50	50	50	42	42	50	50	50	50	50	50	57	57	42	42	50	50	50	50	50	50	50	50	50	50	50	50	50	42	42	42	42	42	42	42	42	42	42	42	42	42	42	42	42	42	42	42	42	42	42	42	42	42	42	42	
42	42	42	42	42	42	42	42	42	42	42	42	42	42	42	42	42	42	42	42	42	42	42	42	42	42	42	42	42	42	42	42	42	42	42	42	42	42	42	42	42	42	42	42	42	42	42	42	42	42	42	42	42	42	42	42	54	54	42	42	42	42	42	42	42	42	50	50	50	50	50	50	60	60	54	54	54	54	42	42	42	42	42	42	42	42	42	42	50	50	50	50	50	50	50	42	42	42	42	50	50	50	50	50	57	57	57	42	50	50	50	50	50	50	50	50	50	50	50	50	42	42	42	42	42	42	42	42	42	42	42	42	42	42	42	42	42	42	42	42	42	42	42	42	42	42	42	42	
42	42	42	42	42	42	42	42	42	42	42	42	42	42	42	42	42	42	42	42	42	42	42	42	42	42	42	42	42	42	42	42	42	42	42	42	42	42	42	42	42	42	42	42	42	42	42	42	42	42	42	42	42	42	42	42	42	42	42	42	42	42	42	42	42	42	50	50	50	50	50	60	60	60	54	54	54	42	42	42	42	42	42	42	42	42	42	42	50	50	50	50	50	50	50	50	42	42	42	42	50	50	50	50	71	71	50	50	50	50	50	50	50	50	50	50	50	50	50	42	42	42	42	42	42	42	42	42	42	42	42	42	42	42	42	42	42	42	42	42	42	42	42	42	42	42	42	42	
42	42	42	42	42	42	42	42	42	42	42	42	42	42	42	42	42	42	42	42	42	42	42	42	42	42	42	42	42	42	42	42	42	42	42	42	42	42	42	42	42	42	42	42	42	42	42	42	42	42	42	42	42	42	42	42	42	42	42	42	42	42	42	42	42	50	50	50	50	50	60	60	60	60	54	54	42	42	42	42	42	42	42	42	42	50	50	50	50	50	50	50	50	50	50	50	50	42	42	42	42	50	50	50	71	50	50	50	50	50	50	50	50	50	50	50	50	50	42	42	42	42	42	42	42	42	42	42	42	42	42	42	42	42	42	42	42	42	42	42	42	42	42	42	42	42	42	42	
42	42	42	42	42	42	42	42	42	42	42	42	42	42	42	42	42	42	42	42	42	42	42	42	42	42	42	42	42	42	42	42	42	42	42	42	42	42	42	42	42	42	42	42	42	42	42	42	42	42	42	42	42	42	42	42	42	42	42	42	42	42	42	42	50	50	50	50	50	60	60	60	60	60	54	42	42	42	42	42	42	42	42	42	50	50	50	50	50	50	50	50	50	50	50	50	50	57	42	42	42	42	50	50	50	50	50	50	50	50	50	50	50	50	50	50	50	42	42	42	42	42	42	42	42	42	42	42	42	42	42	42	42	42	42	42	42	42	42	42	42	42	42	42	42	42	42	42	
42	42	42	42	42	42	42	42	42	42	42	42	42	42	42	42	42	42	42	42	42	42	42	42	42	42	42	42	42	42	42	42	42	42	42	42	42	42	42	42	42	42	42	42	42	42	42	42	42	42	42	42	42	42	42	42	42	42	42	42	42	42	42	50	50	50	50	50	60	60	60	60	60	60	42	42	42	42	42	42	42	42	42	50	50	50	50	50	50	50	50	50	50	50	50	50	50	57	57	42	42	42	42	50	50	50	50	50	50	50	50	50	50	50	50	50	42	42	42	42	42	42	42	42	42	42	42	42	42	42	42	42	42	42	42	42	42	42	42	42	42	42	42	42	42	42	42	42	
42	42	42	42	42	42	42	42	42	42	42	42	42	42	42	42	42	42	42	42	42	42	42	42	42	42	42	42	42	42	42	42	42	42	42	42	42	42	42	42	42	42	42	42	42	42	42	42	42	42	42	42	42	42	42	42	42	42	42	42	42	50	50	50	50	50	50	60	60	60	60	60	60	42	42	42	42	42	42	42	42	50	50	50	50	50	50	50	50	50	50	50	50	50	50	50	50	57	57	57	42	42	42	42	50	50	50	50	50	50	42	42	42	42	50	42	42	42	42	42	42	42	42	42	42	42	42	42	42	42	42	42	42	42	42	42	42	42	42	42	42	42	42	42	42	42	42	42	
42	42	42	42	42	42	42	42	42	42	42	42	42	42	42	42	42	42	42	42	42	42	42	42	42	42	42	42	42	42	42	42	42	42	42	42	42	42	42	42	42	42	42	42	42	42	42	42	42	42	42	42	42	42	42	42	42	42	42	42	42	42	50	50	50	50	60	60	60	60	60	60	42	42	42	42	42	42	42	42	50	50	50	50	50	50	50	50	50	50	50	50	50	50	50	50	50	57	57	57	57	42	42	42	42	50	50	50	50	50	42	42	42	42	42	42	42	42	42	42	42	42	42	42	42	42	42	42	42	42	42	42	42	42	42	42	42	42	42	42	42	42	42	42	42	42	42	42	
42	42	42	42	42	42	42	42	42	42	42	42	42	42	42	42	42	42	42	42	42	42	42	42	42	42	42	42	42	42	42	42	42	42	42	42	42	42	42	42	42	42	42	42	42	42	42	42	42	42	42	42	42	42	42	42	42	42	42	42	42	42	42	50	50	60	60	60	60	60	60	42	42	42	42	42	42	42	42	50	50	50	50	50	50	50	50	50	50	50	50	50	50	50	50	50	50	57	57	57	57	57	42	42	42	42	50	50	50	42	42	42	42	42	42	42	42	42	42	42	42	42	42	42	42	42	42	42	42	42	42	42	42	42	42	42	42	42	42	42	42	42	42	42	42	42	42	42	
42	42	42	42	42	42	42	42	42	42	42	42	42	42	42	42	42	42	42	42	42	42	42	42	42	42	42	42	42	42	42	42	42	42	42	42	42	42	42	42	42	42	42	42	42	42	42	42	42	42	42	42	42	42	42	42	42	42	42	42	42	42	42	42	60	60	60	60	60	60	42	42	42	42	42	42	42	42	50	50	50	50	50	50	50	50	50	50	50	50	50	50	50	50	50	50	50	57	57	57	57	57	57	42	42	42	42	50	42	42	42	42	42	42	42	42	42	42	42	42	42	42	42	42	42	42	42	42	42	42	42	42	42	42	42	42	42	42	42	42	42	42	42	42	42	42	42	42	
42	42	42	42	42	42	42	42	42	42	42	42	42	42	42	42	42	42	42	42	42	42	42	42	42	42	42	42	42	42	42	42	42	42	42	42	42	42	42	42	42	42	42	42	42	42	42	42	42	42	42	42	42	42	42	42	42	42	42	42	42	42	42	42	42	60	60	60	60	42	42	42	42	42	42	42	42	42	50	50	50	50	50	50	50	50	50	50	50	50	50	50	50	50	50	50	50	57	57	57	57	57	57	57	42	42	42	42	42	42	42	42	42	42	42	42	42	42	42	42	42	42	42	42	42	42	42	42	42	42	42	42	42	42	42	42	42	42	42	42	42	42	42	42	42	42	42	42	
42	42	42	42	42	42	42	42	42	42	42	42	42	42	42	42	42	42	42	42	42	42	42	42	42	42	42	42	42	42	42	42	42	42	42	42	42	42	42	42	42	42	42	42	42	42	42	42	42	42	42	42	42	42	42	42	42	42	42	42	42	42	42	42	42	42	60	60	60	42	42	42	42	42	57	42	42	50	50	50	50	50	50	50	50	50	50	50	42	42	42	50	50	50	50	50	50	57	57	57	57	57	57	57	57	42	42	42	42	42	42	42	42	42	42	42	42	42	42	42	42	42	42	42	42	42	42	42	42	42	42	42	42	42	42	42	42	42	42	42	42	42	42	42	42	42	42	42	
42	42	42	42	42	42	42	42	42	42	42	42	42	42	42	42	42	42	42	42	42	42	42	42	42	42	42	42	42	42	42	42	42	42	42	42	42	42	42	42	42	42	42	42	42	42	42	42	42	42	42	42	42	42	42	42	42	42	42	42	42	42	42	42	42	42	42	60	42	42	42	42	42	57	57	50	50	50	50	50	50	50	50	50	50	50	50	42	42	42	42	42	50	50	50	50	50	57	57	57	57	57	57	57	57	42	42	42	42	42	42	42	42	42	42	42	42	42	42	42	42	42	42	42	42	42	42	42	42	42	42	42	42	42	42	42	42	42	42	42	42	42	42	42	42	42	42	42	
42	42	42	42	42	42	42	42	42	42	42	42	42	42	42	42	42	42	42	42	42	42	42	42	42	42	42	42	42	42	42	42	42	42	42	42	42	42	42	42	42	42	42	42	42	42	42	42	42	42	42	42	42	42	42	42	42	42	42	42	42	42	42	42	42	42	42	42	42	42	42	42	57	57	50	50	50	50	50	50	50	50	50	50	50	50	50	42	42	42	42	50	50	50	50	50	50	57	57	57	57	57	57	42	42	42	42	42	42	42	42	42	42	42	42	42	42	42	42	42	42	42	42	42	42	42	42	42	42	42	42	42	42	42	42	42	42	42	42	42	42	42	42	42	42	42	42	42	
42	42	42	42	42	42	42	42	42	42	42	42	42	42	42	42	42	42	42	42	42	42	42	42	42	42	42	42	42	42	42	42	42	42	42	42	42	42	42	42	42	42	42	42	42	42	42	42	42	42	42	42	42	42	42	42	42	42	42	42	42	42	42	42	42	42	42	42	42	42	42	57	57	50	50	50	50	50	50	50	50	50	50	50	50	50	50	50	42	42	50	50	50	50	50	50	50	57	57	57	57	57	57	42	42	42	42	42	42	42	42	42	42	42	42	42	42	42	42	42	42	42	42	42	42	42	42	42	42	42	42	42	42	42	42	42	42	42	42	42	42	42	42	42	42	42	42	42	
42	42	42	42	42	42	42	42	42	42	42	42	42	42	42	42	42	42	42	42	42	42	42	42	42	42	42	42	42	42	42	42	42	42	42	42	42	42	42	42	42	42	42	42	42	42	42	42	42	42	42	42	42	42	42	42	42	42	42	42	42	42	42	42	42	42	42	42	42	42	57	57	50	50	50	50	50	50	50	50	50	50	50	50	50	50	50	50	50	57	50	50	50	50	50	50	50	57	57	57	57	57	42	42	42	42	42	42	42	42	42	42	42	42	42	42	42	42	42	42	42	42	42	42	42	42	42	42	42	42	42	42	42	42	42	42	42	42	42	42	42	42	42	42	42	42	42	42	
42	42	42	42	42	42	42	42	42	42	42	42	42	42	42	42	42	42	42	42	42	42	42	42	42	42	42	42	42	42	42	42	42	42	42	42	42	42	42	42	42	42	42	42	42	42	42	42	42	42	42	42	42	42	42	42	42	42	42	42	42	42	42	42	42	42	42	42	42	42	42	50	50	50	50	50	50	50	50	50	50	50	50	50	50	50	50	50	50	57	50	50	50	50	50	50	50	57	57	57	57	42	42	42	42	42	42	42	42	42	42	42	42	42	42	42	42	42	42	42	42	42	42	42	42	42	42	42	42	42	42	42	42	42	42	42	42	42	42	42	42	42	42	42	42	42	42	42	
42	42	42	42	42	42	42	42	42	42	42	42	42	42	42	42	42	42	42	42	42	42	42	42	42	42	42	42	42	42	42	42	42	42	42	42	42	42	42	42	42	42	42	42	42	42	42	42	42	42	42	42	42	42	42	42	42	42	42	42	42	42	42	42	42	42	42	42	42	42	42	42	50	50	50	50	50	50	50	50	50	50	50	50	50	50	50	50	50	57	50	50	50	50	50	50	50	57	57	57	42	42	42	42	42	42	42	42	42	42	42	42	42	42	42	42	42	42	42	42	42	42	42	42	42	42	42	42	42	42	42	42	42	42	42	42	42	42	42	42	42	42	42	42	42	42	42	42	
42	42	42	42	42	42	42	42	42	42	42	42	42	42	42	42	42	42	42	42	42	42	42	42	42	42	42	42	42	42	42	42	42	42	42	42	42	42	42	42	42	42	42	42	42	42	42	42	42	42	42	42	42	42	42	42	42	42	42	42	42	42	42	42	42	42	42	42	42	42	42	42	42	50	50	50	50	50	50	50	50	50	50	50	50	50	50	50	50	57	50	50	50	50	50	50	50	57	57	42	42	42	42	42	42	42	42	42	42	42	42	42	42	42	42	42	42	42	42	42	42	42	42	42	42	42	42	42	42	42	42	42	42	42	42	42	42	42	42	42	42	42	42	42	42	42	42	42	
42	42	42	42	42	42	42	42	42	42	42	42	42	42	42	42	42	42	42	42	42	42	42	42	42	42	42	42	42	42	42	42	42	42	42	42	42	42	42	42	42	42	42	42	42	42	42	42	42	42	42	42	42	42	42	42	42	42	42	42	42	42	42	42	42	42	42	42	42	42	42	42	42	42	50	50	50	50	50	50	50	50	50	50	50	50	50	50	50	57	50	50	50	50	50	50	50	57	42	42	42	42	42	42	42	42	42	42	42	42	42	42	42	42	42	42	42	42	42	42	42	42	42	42	42	42	42	42	42	42	42	42	42	42	42	42	42	42	42	42	42	42	42	42	42	42	42	42	
42	42	42	42	42	42	42	42	42	42	42	42	42	42	42	42	42	42	42	42	42	42	42	42	42	42	42	42	42	42	42	42	42	42	42	42	42	42	42	42	42	42	42	42	42	42	42	42	42	42	42	42	42	42	42	42	42	42	42	42	42	42	42	42	42	42	42	42	42	42	42	42	42	42	42	50	50	50	50	50	50	50	50	50	50	50	50	50	50	57	50	50	50	50	50	50	50	42	42	42	42	42	42	42	42	42	42	42	42	42	42	42	42	42	42	42	42	42	42	42	42	42	42	42	42	42	42	42	42	42	42	42	42	42	42	42	42	42	42	42	42	42	42	42	42	42	42	42	
42	42	42	42	42	42	42	42	42	42	42	42	42	42	42	42	42	42	42	42	42	42	42	42	42	42	42	42	42	42	42	42	42	42	42	42	42	42	42	42	42	42	42	42	42	42	42	42	42	42	42	42	42	42	42	42	42	42	42	42	42	42	42	42	42	42	42	42	42	42	42	42	42	42	42	42	50	50	50	50	50	50	50	50	50	50	50	50	50	57	50	50	50	50	50	50	42	42	42	42	42	42	42	42	42	42	42	42	42	42	42	42	42	42	42	42	42	42	42	42	42	42	42	42	42	42	42	42	42	42	42	42	42	42	42	42	42	42	42	42	42	42	42	42	42	42	42	42	
