552
14609	8792	10001	1	8952	
14609	11018	10002	1	12646	
14609	11132	10003	3	8952	8792	10983	
14609	11036	10004	1	11779	
14609	6248	10005	3	8952	8792	7586	
14609	7199	10006	1	11498	
14609	19018	10007	0
14609	14921	10008	1	14773	
14609	15454	10009	1	15162	
14609	17389	10010	1	16652	
14609	4047	10011	3	8952	8792	4196	
14609	11622	10012	0
14609	15655	10013	1	15506	
14609	9870	10014	0
14609	8678	10015	1	9119	
14609	14403	10016	1	12646	
14609	10524	10017	4	8952	8792	10383	10376	
14609	13071	10018	3	8952	8792	13070	
14609	4205	10019	3	8952	8792	4647	
14609	7327	10020	1	7769	
14609	17716	10021	1	17715	
14609	3616	10022	4	8952	8792	4647	3615	
14609	6128	10023	3	8952	8792	6127	
8792	14609	20000	1	14585	
8792	11018	20002	1	11164	
8792	11132	20003	1	10983	
8792	11036	20004	3	11164	13245	12811	
8792	6248	20005	1	7586	
8792	7199	20006	0
8792	19018	20007	2	14585	14609	
8792	14921	20008	3	14585	14609	14773	
8792	15454	20009	1	13245	
8792	17389	20010	4	13245	12811	11036	17390	
8792	4047	20011	1	4196	
8792	11622	20012	3	13245	12811	11036	
8792	15655	20013	3	14585	14609	15506	
8792	9870	20014	2	7199	9871	
8792	8678	20015	2	7199	8679	
8792	14403	20016	3	11164	11018	14405	
8792	10524	20017	2	10383	10376	
8792	13071	20018	1	13070	
8792	4205	20019	1	4647	
8792	7327	20020	1	8799	
8792	17716	20021	3	14585	14609	17715	
8792	3616	20022	2	4647	3615	
8792	6128	20023	1	6127	
11018	14609	30000	1	14585	
11018	8792	30001	0
11018	11132	30003	2	8792	10983	
11018	11036	30004	2	13245	12811	
11018	6248	30005	2	8792	7586	
11018	7199	30006	1	7194	
11018	19018	30007	2	14585	14609	
11018	14921	30008	3	14585	14609	14773	
11018	15454	30009	1	13245	
11018	17389	30010	4	13245	12811	11036	17390	
11018	4047	30011	2	8792	4196	
11018	11622	30012	3	13245	12811	11036	
11018	15655	30013	3	14585	14609	15506	
11018	9870	30014	3	7194	7199	9871	
11018	8678	30015	3	7194	7199	8679	
11018	14403	30016	1	14405	
11018	10524	30017	3	8792	10383	10376	
11018	13071	30018	2	8792	13070	
11018	4205	30019	2	8792	4647	
11018	7327	30020	2	8792	8799	
11018	17716	30021	3	14585	14609	17715	
11018	3616	30022	2	4647	3615	
11018	6128	30023	2	8792	6127	
11132	14609	40000	3	9660	8792	14585	
11132	8792	40001	1	9660	
11132	11018	40002	3	9660	8792	11164	
11132	11036	40004	5	9660	8792	11164	13245	12811	
11132	6248	40005	0
11132	7199	40006	2	9660	8792	
11132	19018	40007	4	9660	8792	14585	14609	
11132	14921	40008	5	9660	8792	14585	14609	14773	
11132	15454	40009	3	9660	8792	13245	
11132	17389	40010	6	9660	8792	13245	12811	11036	17390	
11132	4047	40011	1	4045	
11132	11622	40012	5	9660	8792	13245	12811	11036	
11132	15655	40013	5	9660	8792	14585	14609	15506	
11132	9870	40014	4	9660	8792	7199	9871	
11132	8678	40015	4	9660	8792	7199	8679	
11132	14403	40016	5	9660	8792	11164	11018	14405	
11132	10524	40017	1	10821	
11132	13071	40018	3	9660	8792	13070	
11132	4205	40019	1	4789	
11132	7327	40020	3	9660	8792	8799	
11132	17716	40021	5	9660	8792	14585	14609	17715	
11132	3616	40022	3	9660	4647	3615	
11132	6128	40023	0
11036	14609	50000	0
11036	8792	50001	2	12809	12052	
11036	11018	50002	2	12809	12052	
11036	11132	50003	4	12809	12052	8792	10983	
11036	6248	50005	4	12809	12052	8792	7586	
11036	7199	50006	4	12809	12052	11018	7194	
11036	19018	50007	1	14609	
11036	14921	50008	2	14609	14773	
11036	15454	50009	1	15455	
11036	17389	50010	1	17390	
11036	4047	50011	4	12809	12052	8792	4196	
11036	11622	50012	0
11036	15655	50013	0
11036	9870	50014	6	12809	12052	11018	7194	7199	9871	
11036	8678	50015	2	14609	9119	
11036	14403	50016	2	12809	12052	
11036	10524	50017	5	12809	12052	8792	10383	10376	
11036	13071	50018	4	12809	12052	8792	13070	
11036	4205	50019	4	12809	12052	8792	4647	
11036	7327	50020	4	12809	12052	8792	8799	
11036	17716	50021	2	14609	17715	
11036	3616	50022	3	12809	12052	3615	
11036	6128	50023	4	12809	12052	8792	6127	
6248	14609	60000	3	7882	8792	14585	
6248	8792	60001	1	7882	
6248	11018	60002	3	7882	8792	11164	
6248	11132	60003	2	10546	10835	
6248	11036	60004	5	7882	8792	11164	13245	12811	
6248	7199	60006	2	7882	8792	
6248	19018	60007	4	7882	8792	14585	14609	
6248	14921	60008	5	7882	8792	14585	14609	14773	
6248	15454	60009	3	7882	8792	13245	
6248	17389	60010	6	7882	8792	13245	12811	11036	17390	
6248	4047	60011	3	7882	8792	4196	
6248	11622	60012	5	7882	8792	13245	12811	11036	
6248	15655	60013	5	7882	8792	14585	14609	15506	
6248	9870	60014	4	7882	8792	7199	9871	
6248	8678	60015	4	7882	8792	7199	8679	
6248	14403	60016	5	7882	8792	11164	11018	14405	
6248	10524	60017	4	10546	10835	11132	10821	
6248	13071	60018	3	7882	8792	13070	
6248	4205	60019	3	7882	8792	4647	
6248	7327	60020	3	7882	8792	8799	
6248	17716	60021	5	7882	8792	14585	14609	17715	
6248	3616	60022	4	7882	8792	4647	3615	
6248	6128	60023	1	7882	
7199	14609	70000	0
7199	8792	70001	1	8073	
7199	11018	70002	1	8378	
7199	11132	70003	3	8073	8792	10983	
7199	11036	70004	4	8378	11018	13245	12811	
7199	6248	70005	3	8073	8792	7586	
7199	19018	70007	1	14609	
7199	14921	70008	2	14609	14773	
7199	15454	70009	2	14609	15162	
7199	17389	70010	2	14609	16652	
7199	4047	70011	3	8073	8792	4196	
7199	11622	70012	5	8378	11018	13245	12811	11036	
7199	15655	70013	2	14609	15506	
7199	9870	70014	1	9871	
7199	8678	70015	1	8679	
7199	14403	70016	3	8378	11018	14405	
7199	10524	70017	4	8073	8792	10383	10376	
7199	13071	70018	3	8073	8792	13070	
7199	4205	70019	3	8073	8792	4647	
7199	7327	70020	3	8073	8792	8799	
7199	17716	70021	2	14609	17715	
7199	3616	70022	4	8073	8792	4647	3615	
7199	6128	70023	3	8073	8792	6127	
19018	14609	80000	1	16228	
19018	8792	80001	3	16228	14609	8952	
19018	11018	80002	3	16228	14609	12646	
19018	11132	80003	5	16228	14609	8952	8792	10983	
19018	11036	80004	1	16228	
19018	6248	80005	5	16228	14609	8952	8792	7586	
19018	7199	80006	3	16228	14609	11498	
19018	14921	80008	3	16228	14609	14773	
19018	15454	80009	3	16228	14609	15162	
19018	17389	80010	3	16228	14609	16652	
19018	4047	80011	5	16228	14609	8952	8792	4196	
19018	11622	80012	2	16228	14609	
19018	15655	80013	3	16228	14609	15506	
19018	9870	80014	1	16228	
19018	8678	80015	3	16228	14609	9119	
19018	14403	80016	3	16228	14609	12646	
19018	10524	80017	6	16228	14609	8952	8792	10383	10376	
19018	13071	80018	5	16228	14609	8952	8792	13070	
19018	4205	80019	5	16228	14609	8952	8792	4647	
19018	7327	80020	3	16228	14609	7769	
19018	17716	80021	1	17563	
19018	3616	80022	6	16228	14609	8952	8792	4647	3615	
19018	6128	80023	5	16228	14609	8952	8792	6127	
14921	14609	90000	0
14921	8792	90001	2	14609	8952	
14921	11018	90002	2	14609	12646	
14921	11132	90003	4	14609	8952	8792	10983	
14921	11036	90004	2	14609	11779	
14921	6248	90005	4	14609	8952	8792	7586	
14921	7199	90006	2	14609	11498	
14921	19018	90007	0
14921	15454	90009	2	14609	15162	
14921	17389	90010	2	14609	16652	
14921	4047	90011	4	14609	8952	8792	4196	
14921	11622	90012	1	14609	
14921	15655	90013	2	14609	15506	
14921	9870	90014	1	14609	
14921	8678	90015	2	14609	9119	
14921	14403	90016	2	14609	12646	
14921	10524	90017	5	14609	8952	8792	10383	10376	
14921	13071	90018	4	14609	8952	8792	13070	
14921	4205	90019	4	14609	8952	8792	4647	
14921	7327	90020	2	14609	7769	
14921	17716	90021	2	14609	17715	
14921	3616	90022	5	14609	8952	8792	4647	3615	
14921	6128	90023	4	14609	8952	8792	6127	
15454	14609	100000	0
15454	8792	100001	2	12809	12052	
15454	11018	100002	3	12811	12809	12052	
15454	11132	100003	4	12811	12052	8792	10983	
15454	11036	100004	1	12811	
15454	6248	100005	4	12811	12052	8792	7586	
15454	7199	100006	2	14609	11498	
15454	19018	100007	1	14609	
15454	14921	100008	2	14609	14773	
15454	17389	100010	2	14609	16652	
15454	4047	100011	4	12811	12052	8792	4196	
15454	11622	100012	2	12811	11036	
15454	15655	100013	2	14609	15506	
15454	9870	100014	1	11498	
15454	8678	100015	2	14609	9119	
15454	14403	100016	2	12809	12052	
15454	10524	100017	7	12811	11036	12809	12052	8792	10383	10376	
15454	13071	100018	4	12811	12052	8792	13070	
15454	4205	100019	4	12811	12052	8792	4647	
15454	7327	100020	2	14609	7769	
15454	17716	100021	2	14609	17715	
15454	3616	100022	5	12811	11036	12809	12052	3615	
15454	6128	100023	4	12811	12052	8792	6127	
17389	14609	110000	0
17389	8792	110001	2	12809	12052	
17389	11018	110002	2	12809	12052	
17389	11132	110003	5	11036	12809	12052	8792	10983	
17389	11036	110004	0
17389	6248	110005	5	11036	12809	12052	8792	7586	
17389	7199	110006	2	14609	11498	
17389	19018	110007	1	14609	
17389	14921	110008	2	14609	14773	
17389	15454	110009	2	14609	15162	
17389	4047	110011	5	11036	12809	12052	8792	4196	
17389	11622	110012	1	11036	
17389	15655	110013	2	14609	15506	
17389	9870	110014	0
17389	8678	110015	2	14609	9119	
17389	14403	110016	3	11036	12809	12052	
17389	10524	110017	6	11036	12809	12052	8792	10383	10376	
17389	13071	110018	5	11036	12809	12052	8792	13070	
17389	4205	110019	5	11036	12809	12052	8792	4647	
17389	7327	110020	2	14609	7769	
17389	17716	110021	2	14609	17715	
17389	3616	110022	4	11036	12809	12052	3615	
17389	6128	110023	5	11036	12809	12052	8792	6127	
4047	14609	120000	2	8792	14585	
4047	8792	120001	0
4047	11018	120002	2	8792	11164	
4047	11132	120003	0
4047	11036	120004	4	8792	11164	13245	12811	
4047	6248	120005	2	8792	7586	
4047	7199	120006	1	8792	
4047	19018	120007	2	14585	14609	
4047	14921	120008	3	14585	14609	14773	
4047	15454	120009	1	13245	
4047	17389	120010	4	13245	12811	11036	17390	
4047	11622	120012	4	8792	13245	12811	11036	
4047	15655	120013	3	14585	14609	15506	
4047	9870	120014	3	8792	7199	9871	
4047	8678	120015	3	8792	7199	8679	
4047	14403	120016	3	11164	11018	14405	
4047	10524	120017	2	11132	10821	
4047	13071	120018	2	8792	13070	
4047	4205	120019	1	4647	
4047	7327	120020	2	8792	8799	
4047	17716	120021	3	14585	14609	17715	
4047	3616	120022	0
4047	6128	120023	0
11622	14609	130000	1	11329	
11622	8792	130001	3	11034	12809	12052	
11622	11018	130002	3	11034	12809	12052	
11622	11132	130003	6	11034	11036	12809	12052	8792	10983	
11622	11036	130004	1	11034	
11622	6248	130005	6	11034	11036	12809	12052	8792	7586	
11622	7199	130006	6	11034	11036	12809	12052	11018	7194	
11622	19018	130007	2	11329	14609	
11622	14921	130008	3	11329	14609	14773	
11622	15454	130009	3	11034	11036	15455	
11622	17389	130010	3	11034	11036	17390	
11622	4047	130011	6	11034	11036	12809	12052	8792	4196	
11622	15655	130013	3	11329	14609	15506	
11622	9870	130014	8	11034	11036	12809	12052	11018	7194	7199	9871	
11622	8678	130015	3	11329	14609	9119	
11622	14403	130016	4	11034	11036	12809	12052	
11622	10524	130017	7	11034	11036	12809	12052	8792	10383	10376	
11622	13071	130018	6	11034	11036	12809	12052	8792	13070	
11622	4205	130019	6	11034	11036	12809	12052	8792	4647	
11622	7327	130020	6	11034	11036	12809	12052	8792	8799	
11622	17716	130021	3	11329	14609	17715	
11622	3616	130022	5	11034	11036	12809	12052	3615	
11622	6128	130023	6	11034	11036	12809	12052	8792	6127	
15655	14609	140000	0
15655	8792	140001	2	14609	8952	
15655	11018	140002	2	14609	12646	
15655	11132	140003	4	14609	8952	8792	10983	
15655	11036	140004	2	14609	11779	
15655	6248	140005	4	14609	8952	8792	7586	
15655	7199	140006	2	14609	11498	
15655	19018	140007	0
15655	14921	140008	2	14609	14773	
15655	15454	140009	2	14609	15162	
15655	17389	140010	2	14609	16652	
15655	4047	140011	4	14609	8952	8792	4196	
15655	11622	140012	0
15655	9870	140014	1	14609	
15655	8678	140015	2	14609	9119	
15655	14403	140016	1	12646	
15655	10524	140017	5	14609	8952	8792	10383	10376	
15655	13071	140018	4	14609	8952	8792	13070	
15655	4205	140019	4	14609	8952	8792	4647	
15655	7327	140020	2	14609	7769	
15655	17716	140021	2	14609	17715	
15655	3616	140022	5	14609	8952	8792	4647	3615	
15655	6128	140023	4	14609	8952	8792	6127	
9870	14609	150000	0
9870	8792	150001	2	7199	8073	
9870	11018	150002	2	7199	8378	
9870	11132	150003	4	7199	8073	8792	10983	
9870	11036	150004	5	7199	8378	11018	13245	12811	
9870	6248	150005	4	7199	8073	8792	7586	
9870	7199	150006	0
9870	19018	150007	2	7199	14609	
9870	14921	150008	2	14609	14773	
9870	15454	150009	2	14609	15162	
9870	17389	150010	2	14609	16652	
9870	4047	150011	4	7199	8073	8792	4196	
9870	11622	150012	6	7199	8378	11018	13245	12811	11036	
9870	15655	150013	2	14609	15506	
9870	8678	150015	2	7199	8679	
9870	14403	150016	4	7199	8378	11018	14405	
9870	10524	150017	5	7199	8073	8792	10383	10376	
9870	13071	150018	4	7199	8073	8792	13070	
9870	4205	150019	4	7199	8073	8792	4647	
9870	7327	150020	4	7199	8073	8792	8799	
9870	17716	150021	2	14609	17715	
9870	3616	150022	5	7199	8073	8792	4647	3615	
9870	6128	150023	4	7199	8073	8792	6127	
8678	14609	160000	0
8678	8792	160001	0
8678	11018	160002	0
8678	11132	160003	4	7199	8073	8792	10983	
8678	11036	160004	2	14609	11779	
8678	6248	160005	4	7199	8073	8792	7586	
8678	7199	160006	0
8678	19018	160007	1	14609	
8678	14921	160008	2	14609	14773	
8678	15454	160009	2	14609	15162	
8678	17389	160010	2	14609	16652	
8678	4047	160011	4	7199	8073	8792	4196	
8678	11622	160012	1	14609	
8678	15655	160013	2	14609	15506	
8678	9870	160014	2	7199	9871	
8678	14403	160016	4	7199	8378	11018	14405	
8678	10524	160017	3	8792	10383	10376	
8678	13071	160018	4	7199	8073	8792	13070	
8678	4205	160019	4	7199	8073	8792	4647	
8678	7327	160020	4	7199	8073	8792	8799	
8678	17716	160021	2	14609	17715	
8678	3616	160022	3	8792	4647	3615	
8678	6128	160023	4	7199	8073	8792	6127	
14403	14609	170000	2	11018	14585	
14403	8792	170001	0
14403	11018	170002	0
14403	11132	170003	2	8792	10983	
14403	11036	170004	2	13245	12811	
14403	6248	170005	2	8792	7586	
14403	7199	170006	2	11018	7194	
14403	19018	170007	3	11018	14585	14609	
14403	14921	170008	4	11018	14585	14609	14773	
14403	15454	170009	1	12811	
14403	17389	170010	3	12811	11036	17390	
14403	4047	170011	2	8792	4196	
14403	11622	170012	3	13245	12811	11036	
14403	15655	170013	4	11018	14585	14609	15506	
14403	9870	170014	4	11018	7194	7199	9871	
14403	8678	170015	4	11018	7194	7199	8679	
14403	10524	170017	3	8792	10383	10376	
14403	13071	170018	2	8792	13070	
14403	4205	170019	2	8792	4647	
14403	7327	170020	2	8792	8799	
14403	17716	170021	4	11018	14585	14609	17715	
14403	3616	170022	1	3615	
14403	6128	170023	2	8792	6127	
10524	14609	180000	2	8792	14585	
10524	8792	180001	0
10524	11018	180002	2	8792	11164	
10524	11132	180003	0
10524	11036	180004	4	8792	11164	13245	12811	
10524	6248	180005	1	11132	
10524	7199	180006	1	8792	
10524	19018	180007	3	8792	14585	14609	
10524	14921	180008	4	8792	14585	14609	14773	
10524	15454	180009	2	8792	13245	
10524	17389	180010	5	8792	13245	12811	11036	17390	
10524	4047	180011	2	11132	4045	
10524	11622	180012	4	8792	13245	12811	11036	
10524	15655	180013	4	8792	14585	14609	15506	
10524	9870	180014	3	8792	7199	9871	
10524	8678	180015	3	8792	7199	8679	
10524	14403	180016	4	8792	11164	11018	14405	
10524	13071	180018	2	8792	13070	
10524	4205	180019	2	11132	4789	
10524	7327	180020	2	8792	8799	
10524	17716	180021	4	8792	14585	14609	17715	
10524	3616	180022	3	8792	4647	3615	
10524	6128	180023	0
13071	14609	190000	2	8792	14585	
13071	8792	190001	0
13071	11018	190002	2	8792	11164	
13071	11132	190003	2	8792	10983	
13071	11036	190004	4	8792	11164	13245	12811	
13071	6248	190005	2	8792	7586	
13071	7199	190006	1	8792	
13071	19018	190007	3	8792	14585	14609	
13071	14921	190008	4	8792	14585	14609	14773	
13071	15454	190009	2	8792	13245	
13071	17389	190010	5	8792	13245	12811	11036	17390	
13071	4047	190011	2	8792	4196	
13071	11622	190012	4	8792	13245	12811	11036	
13071	15655	190013	4	8792	14585	14609	15506	
13071	9870	190014	3	8792	7199	9871	
13071	8678	190015	3	8792	7199	8679	
13071	14403	190016	4	8792	11164	11018	14405	
13071	10524	190017	3	8792	10383	10376	
13071	4205	190019	2	8792	4647	
13071	7327	190020	0
13071	17716	190021	4	8792	14585	14609	17715	
13071	3616	190022	3	8792	4647	3615	
13071	6128	190023	2	8792	6127	
4205	14609	200000	2	8792	14585	
4205	8792	200001	0
4205	11018	200002	2	8792	11164	
4205	11132	200003	0
4205	11036	200004	4	8792	11164	13245	12811	
4205	6248	200005	2	8792	7586	
4205	7199	200006	1	8792	
4205	19018	200007	2	14585	14609	
4205	14921	200008	3	14585	14609	14773	
4205	15454	200009	1	13245	
4205	17389	200010	4	13245	12811	11036	17390	
4205	4047	200011	0
4205	11622	200012	4	8792	13245	12811	11036	
4205	15655	200013	3	14585	14609	15506	
4205	9870	200014	3	8792	7199	9871	
4205	8678	200015	3	8792	7199	8679	
4205	14403	200016	3	11164	11018	14405	
4205	10524	200017	2	11132	10821	
4205	13071	200018	2	8792	13070	
4205	7327	200020	2	8792	8799	
4205	17716	200021	3	14585	14609	17715	
4205	3616	200022	2	4647	3615	
4205	6128	200023	0
7327	14609	210000	0
7327	8792	210001	0
7327	11018	210002	2	8792	11164	
7327	11132	210003	2	8792	10983	
7327	11036	210004	4	8792	11164	13245	12811	
7327	6248	210005	2	8792	7586	
7327	7199	210006	0
7327	19018	210007	1	14609	
7327	14921	210008	2	14609	14773	
7327	15454	210009	2	14609	15162	
7327	17389	210010	2	14609	16652	
7327	4047	210011	2	8792	4196	
7327	11622	210012	4	8792	13245	12811	11036	
7327	15655	210013	2	14609	15506	
7327	9870	210014	2	7199	9871	
7327	8678	210015	2	7199	8679	
7327	14403	210016	3	11164	11018	14405	
7327	10524	210017	3	8792	10383	10376	
7327	13071	210018	2	8792	13070	
7327	4205	210019	2	8792	4647	
7327	17716	210021	2	14609	17715	
7327	3616	210022	3	8792	4647	3615	
7327	6128	210023	2	8792	6127	
17716	14609	220000	0
17716	8792	220001	2	14609	8952	
17716	11018	220002	2	14609	12646	
17716	11132	220003	4	14609	8952	8792	10983	
17716	11036	220004	0
17716	6248	220005	4	14609	8952	8792	7586	
17716	7199	220006	2	14609	11498	
17716	19018	220007	0
17716	14921	220008	2	14609	14773	
17716	15454	220009	2	14609	15162	
17716	17389	220010	2	14609	16652	
17716	4047	220011	4	14609	8952	8792	4196	
17716	11622	220012	1	14609	
17716	15655	220013	2	14609	15506	
17716	9870	220014	0
17716	8678	220015	2	14609	9119	
17716	14403	220016	2	14609	12646	
17716	10524	220017	5	14609	8952	8792	10383	10376	
17716	13071	220018	4	14609	8952	8792	13070	
17716	4205	220019	4	14609	8952	8792	4647	
17716	7327	220020	2	14609	7769	
17716	3616	220022	5	14609	8952	8792	4647	3615	
17716	6128	220023	4	14609	8952	8792	6127	
3616	14609	230000	2	8792	14585	
3616	8792	230001	0
3616	11018	230002	2	8792	11164	
3616	11132	230003	0
3616	11036	230004	4	8792	11164	13245	12811	
3616	6248	230005	2	8792	7586	
3616	7199	230006	1	8792	
3616	19018	230007	3	8792	14585	14609	
3616	14921	230008	4	8792	14585	14609	14773	
3616	15454	230009	2	8792	13245	
3616	17389	230010	5	8792	13245	12811	11036	17390	
3616	4047	230011	2	8792	4196	
3616	11622	230012	4	8792	13245	12811	11036	
3616	15655	230013	4	8792	14585	14609	15506	
3616	9870	230014	3	8792	7199	9871	
3616	8678	230015	3	8792	7199	8679	
3616	14403	230016	4	8792	11164	11018	14405	
3616	10524	230017	3	8792	10383	10376	
3616	13071	230018	2	8792	13070	
3616	4205	230019	0
3616	7327	230020	2	8792	8799	
3616	17716	230021	4	8792	14585	14609	17715	
3616	6128	230023	0
6128	14609	240000	2	8792	14585	
6128	8792	240001	0
6128	11018	240002	2	8792	11164	
6128	11132	240003	2	8792	10983	
6128	11036	240004	4	8792	11164	13245	12811	
6128	6248	240005	2	8792	7586	
6128	7199	240006	1	8792	
6128	19018	240007	2	14585	14609	
6128	14921	240008	3	14585	14609	14773	
6128	15454	240009	1	13245	
6128	17389	240010	4	13245	12811	11036	17390	
6128	4047	240011	1	4048	
6128	11622	240012	4	8792	13245	12811	11036	
6128	15655	240013	3	14585	14609	15506	
6128	9870	240014	3	8792	7199	9871	
6128	8678	240015	3	8792	7199	8679	
6128	14403	240016	3	11164	11018	14405	
6128	10524	240017	3	8792	10383	10376	
6128	13071	240018	2	8792	13070	
6128	4205	240019	3	4048	4047	4647	
6128	7327	240020	2	8792	8799	
6128	17716	240021	3	14585	14609	17715	
6128	3616	240022	2	4647	3615	
