85
3
1	5	8	
128	54	122	
2		4486	3460
2		4486	5225
2		4486	5826
4
0	3	5	8	
128	158	164	184	
2		3460	4486
2		3460	3917
2		3460	5225
2		3460	5826
3
3	8	11	
80	122	108	
2		4651	3917
2		4651	5826
2		4651	5695
5
1	2	8	11	13	
158	80	202	128	156	
3		3917	3313	3460
2		3917	4651
2		3917	5826
2		3917	5695
2		3917	5261
3
6	16	19	
60	120	128	
2		6543	6549
2		6543	8018
2		6543	8030
3
0	1	8	
54	164	106	
2		5225	4486
2		5225	3460
2		5225	5826
3
4	16	19	
60	150	104	
2		6549	6543
2		6549	8018
2		6549	8030
3
8	19	21	
118	108	122	
2		7002	5826
2		7002	8030
2		7002	8195
9
0	1	2	3	5	7	11	19	21	
122	184	122	202	106	118	198	226	164	
2		5826	4486
3		5826	4048	3460
2		5826	4651
2		5826	3917
2		5826	5225
2		5826	7002
2		5826	5695
2		5826	8030
2		5826	8195
1
21	
100	
2		7016	8195
3
11	21	22	
122	112	38	
2		7019	5695
2		7019	8195
2		7019	7465
7
2	3	8	10	13	21	22	
108	128	198	122	112	234	144	
2		5695	4651
2		5695	3917
3		5695	5246	5826
2		5695	7019
2		5695	5261
2		5695	8195
2		5695	7465
3
14	23	24	
78	138	24	
2		6887	6598
2		6887	8508
2		6887	7184
2
3	11	
156	112	
2		5261	3917
2		5261	5695
5
12	23	24	25	27	
78	192	76	94	202	
2		6598	6887
2		6598	8508
2		6598	7184
2		6598	7931
2		6598	8537
3
17	28	30	
10	20	122	
2		9191	9192
2		9191	9487
2		9191	10531
3
4	6	19	
120	150	128	
2		8018	6543
2		8018	6549
2		8018	8030
3
15	28	30	
10	24	118	
2		9192	9191
2		9192	9487
2		9192	10531
3
19	30	31	
108	172	104	
2		9207	8030
3		9207	10537	10531
2		9207	10103
9
4	6	7	8	16	18	21	30	31	
128	104	108	226	128	108	190	280	144	
2		8030	6543
2		8030	6549
2		8030	7002
2		8030	5826
2		8030	8018
2		8030	9207
2		8030	8195
3		8030	10537	10531
2		8030	10103
3
21	31	34	
118	94	42	
2		9222	8195
2		9222	10103
2		9222	9669
13
7	8	9	10	11	19	20	22	23	31	34	35	36	
122	164	100	112	234	190	118	120	202	212	124	220	192	
2		8195	7002
2		8195	5826
2		8195	7016
2		8195	7019
2		8195	5695
2		8195	8030
2		8195	9222
2		8195	7465
2		8195	8508
2		8195	10103
2		8195	9669
3		8195	9827	10861
2		8195	10133
3
10	11	21	
38	144	120	
2		7465	7019
2		7465	5695
2		7465	8195
8
12	14	21	24	25	35	36	38	
138	192	202	122	190	220	122	212	
2		8508	6887
2		8508	6598
3		8508	8796	8195
2		8508	7184
3		8508	8807	7931
2		8508	10861
2		8508	10133
2		8508	10448
3
12	14	23	
24	76	122	
2		7184	6887
2		7184	6598
2		7184	8508
5
14	23	27	36	38	
94	190	156	254	256	
2		7931	6598
2		7931	8508
2		7931	8537
2		7931	10133
4		7931	8378	10446	10448
2
27	38	
102	116	
2		8972	8537
2		8972	10448
6
14	25	26	40	41	43	
202	156	102	96	156	220	
2		8537	6598
2		8537	7931
2		8537	8972
2		8537	9717
2		8537	10613
2		8537	10920
3
15	17	30	
20	24	108	
2		9487	9191
2		9487	9192
2		9487	10531
1
30	
142	
3		10520	10382	10531
10
15	17	18	19	28	29	31	32	46	48	
122	118	172	280	108	142	180	124	134	126	
2		10531	9191
2		10531	9192
3		10531	10391	9207
3		10531	9362	8030
2		10531	9487
2		10531	10520
2		10531	10103
2		10531	11429
2		10531	12161
2		10531	11872
6
18	19	20	21	30	34	
104	144	94	212	180	112	
2		10103	9207
2		10103	8030
2		10103	9222
2		10103	8195
2		10103	10531
2		10103	9669
3
30	46	48	
124	100	34	
2		11429	10531
2		11429	12161
2		11429	11872
3
35	49	50	
124	128	28	
2		11739	10861
2		11739	13212
2		11739	12037
3
20	21	31	
42	124	112	
2		9669	9222
2		9669	8195
2		9669	10103
8
21	23	33	36	49	50	51	53	
220	220	124	140	234	112	164	226	
3		10861	9237	8195
2		10861	8508
2		10861	11739
2		10861	10133
2		10861	13212
2		10861	12037
2		10861	12935
2		10861	13244
7
21	23	25	35	38	51	53	
192	122	254	140	222	230	268	
2		10133	8195
2		10133	8508
2		10133	7931
2		10133	10861
2		10133	10448
2		10133	12935
2		10133	13244
2
39	54	
70	50	
2		11175	11182
2		11175	11915
8
23	25	26	36	40	41	55	56	
212	256	116	222	110	260	190	226	
2		10448	8508
4		10448	10148	9702	7931
2		10448	8972
2		10448	10133
2		10448	9717
4		10448	11191	11204	10613
2		10448	12963
2		10448	12978
2
37	55	
70	140	
2		11182	11175
2		11182	12963
2
27	38	
96	110	
2		9717	8537
2		9717	10448
5
27	38	43	55	56	
156	260	126	270	196	
2		10613	8537
4		10613	11351	10744	10448
2		10613	10920
3		10613	12968	12963
2		10613	12978
3
43	56	57	
80	122	56	
2		11654	10920
2		11654	12978
2		11654	12250
5
27	41	42	56	57	
220	126	80	196	98	
2		10920	8537
2		10920	10613
2		10920	11654
2		10920	12978
2		10920	12250
3
45	58	59	
24	130	120	
2		11819	11673
2		11819	13442
2		11819	13304
3
44	58	59	
24	148	122	
2		11673	11819
2		11673	13442
2		11673	13304
3
30	32	48	
134	100	78	
2		12161	10531
2		12161	11429
2		12161	11872
1
49	
106	
2		13795	13212
3
30	32	46	
126	34	78	
2		11872	10531
2		11872	11429
2		11872	12161
6
33	35	47	50	52	60	
128	234	106	122	84	82	
2		13212	11739
2		13212	10861
2		13212	13795
2		13212	12037
2		13212	13368
2		13212	14245
3
33	35	49	
28	112	122	
2		12037	11739
2		12037	10861
2		12037	13212
4
35	36	53	62	
164	230	138	158	
2		12935	10861
2		12935	10133
2		12935	13244
2		12935	14852
1
49	
84	
2		13368	13212
6
35	36	51	55	64	66	
226	268	138	158	122	192	
2		13244	10861
3		13244	11316	10133
2		13244	12935
2		13244	12963
2		13244	14869
2		13244	15182
1
37	
50	
2		11915	11175
8
38	39	41	53	56	64	66	68	
190	140	270	158	150	232	154	224	
2		12963	10448
2		12963	11182
3		12963	10910	10613
2		12963	13244
2		12963	12978
2		12963	14869
2		12963	15182
2		12963	15347
8
38	41	42	43	55	57	66	68	
226	196	122	196	150	140	220	164	
2		12978	10448
3		12978	12236	10613
2		12978	11654
2		12978	10920
2		12978	12963
2		12978	12250
2		12978	15182
2		12978	15347
3
42	43	56	
56	98	140	
2		12250	11654
2		12250	10920
2		12250	12978
4
44	45	59	69	
130	148	104	164	
2		13442	11819
2		13442	11673
2		13442	13304
3		13442	15064	15213
4
44	45	58	70	
120	122	104	104	
2		13304	11819
2		13304	11673
2		13304	13442
2		13304	14783
1
49	
82	
2		14245	13212
1
62	
82	
2		15289	14852
2
51	61	
158	82	
2		14852	12935
2		14852	15289
3
64	71	73	
132	72	66	
2		16043	14869
2		16043	16928
2		16043	16640
6
53	55	63	66	71	73	
122	232	132	210	192	140	
2		14869	13244
2		14869	12963
2		14869	16043
2		14869	15182
2		14869	16928
2		14869	16640
3
66	74	76	
118	128	56	
2		16209	15182
2		16209	17682
2		16209	16805
8
53	55	56	64	65	68	74	76	
192	154	220	210	118	174	234	130	
2		15182	13244
2		15182	12963
2		15182	12978
2		15182	14869
2		15182	16209
2		15182	15347
2		15182	17682
2		15182	16805
3
68	77	78	
118	130	128	
2		16374	15347
2		16374	17997
2		16374	17420
8
55	56	66	67	69	77	78	80	
224	164	174	118	144	236	152	184	
2		15347	12963
2		15347	12978
2		15347	15182
2		15347	16374
2		15347	15213
2		15347	17997
3		15347	16974	17420
2		15347	17283
5
58	68	70	78	80	
164	144	236	248	148	
2		15213	13442
2		15213	15347
3		15213	14619	14783
4		15213	16237	17123	17420
2		15213	17283
2
59	69	
104	236	
2		14783	13304
3		14783	14472	15213
3
63	64	73	
72	192	88	
2		16928	16043
2		16928	14869
2		16928	16640
1
74	
96	
2		18266	17682
3
63	64	71	
66	140	88	
2		16640	16043
2		16640	14869
2		16640	16928
5
65	66	72	76	81	
128	234	96	142	102	
2		17682	16209
2		17682	15182
2		17682	18266
2		17682	16805
2		17682	19011
3
77	82	83	
130	72	118	
2		18726	17997
2		18726	19611
2		18726	19771
3
65	66	74	
56	130	142	
2		16805	16209
2		16805	15182
2		16805	17682
8
67	68	75	78	79	82	83	84	
130	236	130	174	102	184	136	136	
2		17997	16374
2		17997	15347
2		17997	18726
2		17997	17420
2		17997	18450
2		17997	19611
2		17997	19771
2		17997	19486
5
67	68	69	77	80	
128	152	248	174	130	
2		17420	16374
2		17420	15347
3		17420	15208	15213
2		17420	17997
2		17420	17283
3
77	83	84	
102	146	70	
2		18450	17997
2		18450	19771
2		18450	19486
3
68	69	78	
184	148	130	
2		17283	15347
2		17283	15213
3		17283	17719	17420
1
74	
102	
2		19011	17682
3
75	77	83	
72	184	124	
2		19611	18726
2		19611	17997
2		19611	19771
5
75	77	79	82	84	
118	136	146	124	118	
2		19771	18726
2		19771	17997
2		19771	18450
2		19771	19611
2		19771	19486
3
77	79	83	
136	70	118	
2		19486	17997
2		19486	18450
2		19486	19771
