3167
3168
3313
3460
3465
3607
3754
3901
3917
4048
4195
4196
4205
4342
4345
4486
4489
4493
4634
4635
4636
4641
4651
4652
4667
4783
4784
4788
4789
4798
4799
4800
4816
4937
4945
5085
5092
5225
5233
5239
5246
5247
5261
5386
5393
5533
5540
5687
5693
5695
5826
5990
6099
6100
6137
6157
6247
6248
6284
6395
6431
6543
6544
6545
6546
6547
6548
6549
6561
6578
6598
6709
6725
6744
6856
6872
6887
6891
6987
6988
7002
7003
7004
7016
7019
7020
7035
7036
7038
7043
7051
7135
7136
7149
7151
7152
7166
7167
7168
7173
7183
7184
7185
7191
7200
7296
7313
7332
7338
7339
7443
7460
7465
7479
7487
7590
7607
7626
7635
7737
7743
7744
7754
7760
7761
7762
7773
7780
7781
7782
7783
7878
7879
7880
7884
7890
7893
7901
7908
7909
7920
7927
7931
7932
7933
7934
7935
7936
7937
7938
8018
8030
8037
8048
8056
8067
8074
8080
8081
8085
8178
8195
8214
8221
8228
8230
8232
8325
8326
8361
8368
8378
8472
8474
8487
8488
8489
8490
8491
8492
8493
8494
8495
8496
8497
8498
8508
8513
8516
8525
8537
8619
8622
8635
8636
8637
8638
8639
8640
8641
8642
8643
8644
8645
8646
8647
8657
8660
8672
8766
8770
8781
8782
8783
8784
8785
8786
8787
8788
8789
8790
8791
8792
8793
8794
8795
8796
8799
8806
8807
8913
8918
8928
8929
8930
8931
8932
8933
8934
8935
8936
8937
8939
8940
8941
8942
8943
8945
8946
8972
9060
9066
9076
9077
9078
9079
9080
9081
9082
9083
9084
9088
9089
9090
9091
9191
9192
9207
9214
9222
9224
9225
9226
9227
9228
9229
9230
9231
9237
9238
9239
9261
9266
9339
9340
9355
9356
9362
9369
9371
9372
9373
9374
9375
9376
9377
9378
9385
9386
9387
9388
9403
9404
9408
9413
9414
9435
9487
9488
9503
9504
9509
9516
9519
9520
9533
9535
9536
9551
9552
9553
9554
9555
9560
9561
9571
9576
9584
9649
9651
9656
9663
9669
9680
9698
9699
9700
9701
9702
9707
9708
9717
9723
9798
9799
9803
9827
9845
9848
9849
9850
9854
9855
9856
9857
9863
9870
9935
9947
9950
9992
9997
9998
9999
10001
10002
10003
10004
10005
10006
10010
10011
10012
10082
10084
10095
10097
10103
10128
10129
10130
10131
10132
10133
10139
10148
10152
10155
10229
10233
10243
10244
10281
10286
10297
10300
10382
10386
10391
10429
10446
10447
10448
10465
10472
10520
10524
10531
10535
10537
10538
10577
10596
10613
10619
10680
10684
10725
10727
10744
10747
10762
10766
10828
10829
10861
10873
10874
10892
10893
10894
10899
10900
10902
10910
10920
10978
11008
11021
11040
11042
11046
11049
11050
11057
11067
11123
11127
11155
11168
11175
11176
11177
11178
11179
11180
11181
11182
11191
11193
11199
11204
11214
11270
11276
11302
11316
11323
11337
11340
11341
11342
11348
11351
11359
11361
11418
11425
11429
11449
11463
11471
11486
11497
11498
11507
11508
11574
11592
11596
11610
11619
11634
11645
11654
11655
11673
11723
11724
11739
11740
11743
11755
11756
11757
11767
11779
11787
11788
11792
11795
11800
11801
11802
11803
11804
11819
11820
11821
11871
11872
11887
11888
11890
11891
11903
11904
11915
11935
11936
11939
11942
11949
11951
11952
11967
11968
11969
12037
12038
12052
12086
12089
12096
12101
12115
12117
12161
12184
12185
12200
12226
12233
12236
12243
12250
12263
12330
12332
12344
12349
12380
12384
12390
12409
12410
12411
12477
12493
12498
12527
12537
12556
12557
12558
12559
12624
12641
12647
12674
12684
12704
12705
12706
12707
12771
12788
12796
12797
12821
12831
12851
12852
12853
12854
12855
12918
12935
12936
12937
12938
12939
12940
12963
12964
12965
12966
12967
12968
12969
12970
12971
12972
12973
12974
12975
12976
12977
12978
12999
13000
13001
13002
13003
13065
13086
13112
13147
13148
13149
13150
13151
13212
13244
13261
13295
13296
13297
13298
13299
13304
13368
13392
13410
13442
13443
13444
13445
13446
13447
13540
13559
13591
13592
13593
13594
13686
13688
13708
13739
13740
13741
13795
13835
13836
13857
13887
13888
13984
14006
14035
14036
14037
14115
14139
14140
14155
14156
14183
14184
14185
14186
14242
14243
14244
14245
14246
14247
14248
14249
14250
14264
14281
14282
14287
14288
14303
14304
14320
14321
14322
14323
14324
14325
14326
14327
14328
14329
14330
14331
14332
14333
14334
14335
14412
14413
14428
14431
14453
14468
14469
14470
14471
14472
14474
14475
14476
14477
14478
14479
14480
14481
14482
14483
14551
14560
14561
14575
14580
14602
14615
14616
14617
14618
14619
14623
14624
14625
14626
14627
14628
14629
14630
14631
14708
14709
14710
14722
14729
14751
14763
14764
14765
14766
14772
14773
14774
14775
14776
14777
14778
14779
14783
14852
14856
14857
14858
14869
14900
14911
14912
14913
14914
14915
14921
14922
14923
14924
14925
14926
14927
15004
15005
15016
15049
15059
15060
15061
15062
15063
15064
15070
15071
15072
15073
15074
15075
15152
15163
15182
15198
15206
15207
15208
15209
15210
15211
15212
15213
15289
15310
15347
15353
15355
15357
15359
15360
15361
15496
15502
15503
15504
15506
15507
15508
15509
15605
15645
15649
15651
15652
15656
15657
15659
15754
15794
15796
15797
15798
15799
15800
15801
15804
15805
15807
15943
15944
15945
15947
15948
15949
15953
15954
16043
16090
16093
16095
16096
16097
16101
16102
16209
16237
16242
16243
16244
16245
16247
16248
16358
16374
16375
16385
16390
16391
16398
16491
16492
16507
16508
16523
16524
16530
16531
16532
16538
16539
16540
16627
16628
16629
16630
16639
16640
16653
16655
16656
16671
16672
16679
16680
16681
16684
16685
16687
16688
16689
16775
16776
16777
16778
16800
16802
16804
16805
16826
16827
16828
16829
16830
16831
16832
16833
16836
16837
16924
16925
16926
16928
16947
16951
16952
16974
16977
16978
16982
16984
17073
17074
17094
17100
17123
17126
17128
17129
17130
17222
17241
17264
17265
17272
17277
17283
17388
17414
17420
17421
17535
17563
17570
17682
17712
17719
17997
18266
18434
18450
18598
18726
18746
18874
18875
18876
18891
18892
18894
19011
19012
19023
19024
19039
19040
19042
19178
19184
19190
19326
19331
19338
19478
19486
19611
19771
20224
20225
20372
