2431
2432
2577
2580
2724
2728
2870
2876
3017
3024
3164
3172
3311
3320
3458
3460
3468
3605
3616
3752
3766
3899
3914
3917
4045
4060
4192
4205
4208
4339
4340
4356
4486
4488
4504
4634
4636
4651
4652
4780
4784
4800
4816
4928
4932
4948
4964
5075
5080
5096
5112
5223
5225
5228
5244
5260
5261
5372
5376
5392
5408
5521
5524
5540
5556
5669
5672
5693
5695
5704
5818
5820
5826
5841
5852
5951
5952
5967
5968
5990
6005
6099
6100
6116
6137
6152
6157
6247
6248
6265
6284
6299
6395
6396
6413
6431
6447
6543
6544
6549
6561
6578
6593
6598
6690
6692
6709
6725
6740
6837
6840
6856
6872
6887
6888
6985
6988
7002
7004
7016
7019
7020
7034
7036
7132
7136
7152
7168
7173
7181
7184
7191
7200
7278
7284
7300
7316
7327
7332
7337
7348
7426
7432
7448
7464
7465
7475
7484
7496
7572
7580
7596
7612
7622
7631
7644
7720
7728
7744
7760
7761
7762
7769
7778
7792
7867
7876
7893
7908
7909
7916
7925
7931
7940
8013
8018
8024
8030
8042
8056
8064
8072
8088
8161
8172
8191
8195
8209
8220
8236
8308
8325
8339
8356
8368
8384
8457
8472
8487
8488
8489
8490
8491
8492
8493
8494
8495
8496
8497
8498
8503
8508
8516
8531
8532
8537
8605
8619
8635
8636
8637
8638
8639
8640
8641
8642
8643
8644
8645
8646
8647
8651
8664
8678
8680
8754
8766
8781
8782
8783
8784
8785
8786
8787
8788
8789
8790
8791
8792
8793
8794
8795
8796
8812
8825
8828
8903
8913
8928
8929
8930
8931
8932
8933
8934
8935
8936
8937
8939
8940
8941
8942
8943
8944
8960
8972
8976
9052
9060
9075
9076
9077
9078
9079
9080
9081
9082
9083
9084
9088
9089
9090
9091
9092
9108
9119
9124
9191
9192
9201
9207
9208
9222
9224
9225
9226
9227
9228
9229
9230
9231
9237
9238
9239
9240
9256
9266
9272
9339
9340
9354
9356
9369
9372
9373
9374
9375
9376
9377
9378
9385
9386
9387
9388
9404
9413
9414
9421
9487
9488
9504
9520
9533
9536
9552
9553
9554
9555
9560
9561
9569
9571
9576
9584
9636
9652
9668
9669
9679
9684
9700
9701
9702
9707
9708
9716
9717
9723
9732
9784
9800
9816
9826
9832
9848
9849
9850
9854
9855
9856
9857
9863
9864
9870
9880
9931
9932
9948
9964
9973
9980
9997
9998
9999
10001
10002
10003
10004
10005
10006
10010
10011
10012
10017
10028
10072
10080
10095
10096
10103
10112
10120
10128
10133
10146
10164
10176
10219
10228
10243
10244
10260
10268
10277
10290
10295
10311
10324
10368
10376
10391
10392
10413
10429
10437
10440
10444
10448
10465
10472
10517
10520
10524
10531
10540
10560
10577
10584
10588
10593
10613
10621
10666
10672
10691
10707
10724
10731
10736
10742
10752
10770
10815
10820
10840
10855
10861
10871
10878
10884
10891
10900
10918
10920
10964
10968
10989
11003
11018
11025
11032
11040
11048
11065
11113
11116
11132
11138
11152
11164
11172
11175
11180
11182
11188
11196
11212
11262
11264
11280
11287
11298
11312
11319
11328
11337
11344
11359
11360
11411
11412
11428
11429
11436
11445
11460
11466
11477
11486
11492
11506
11507
11508
11560
11576
11592
11608
11614
11626
11634
11640
11653
11654
11655
11656
11673
11709
11724
11739
11740
11756
11762
11774
11781
11788
11800
11801
11802
11803
11804
11819
11820
11858
11872
11886
11888
11890
11891
11896
11904
11911
11915
11922
11936
11952
11967
11968
12007
12020
12033
12036
12037
12038
12045
12052
12060
12071
12084
12100
12115
12116
12156
12161
12181
12184
12185
12195
12200
12211
12219
12232
12248
12250
12263
12264
12305
12329
12332
12344
12348
12364
12380
12396
12409
12410
12411
12412
12454
12474
12493
12496
12512
12528
12544
12556
12557
12558
12559
12560
12603
12621
12641
12644
12660
12676
12692
12704
12705
12706
12707
12708
12752
12768
12788
12792
12808
12824
12840
12850
12851
12852
12853
12854
12855
12856
12901
12912
12935
12940
12956
12963
12972
12978
12988
12997
12999
13000
13001
13002
13003
13004
13060
13082
13089
13104
13120
13144
13147
13148
13149
13150
13151
13152
13208
13212
13229
13239
13244
13252
13268
13291
13295
13296
13297
13298
13299
13300
13304
13354
13368
13375
13388
13400
13416
13438
13442
13443
13444
13445
13446
13447
13448
13501
13523
13537
13548
13564
13585
13591
13592
13593
13594
13596
13648
13671
13686
13696
13712
13732
13739
13740
13741
13745
13795
13796
13819
13835
13844
13860
13879
13887
13888
13894
13944
13964
13984
13992
14008
14026
14035
14036
14037
14042
14093
14111
14131
14140
14156
14173
14183
14184
14185
14186
14189
14242
14243
14244
14245
14246
14247
14248
14249
14250
14259
14264
14277
14281
14282
14288
14304
14320
14321
14322
14323
14324
14325
14326
14327
14328
14329
14330
14331
14332
14333
14334
14335
14336
14391
14403
14404
14412
14413
14424
14436
14452
14468
14469
14470
14471
14472
14474
14475
14476
14477
14478
14479
14480
14481
14482
14483
14484
14540
14551
14552
14560
14561
14571
14584
14600
14615
14616
14617
14618
14619
14623
14624
14625
14626
14627
14628
14629
14630
14631
14632
14689
14698
14700
14708
14709
14710
14718
14732
14748
14763
14764
14765
14766
14772
14773
14774
14775
14776
14777
14778
14779
14780
14783
14845
14848
14852
14856
14857
14858
14865
14869
14880
14896
14911
14912
14913
14914
14915
14921
14922
14923
14924
14925
14926
14927
14928
14991
14996
15004
15005
15013
15028
15044
15059
15060
15061
15062
15063
15064
15070
15071
15072
15073
15074
15075
15076
15138
15144
15152
15161
15176
15182
15192
15207
15208
15213
15224
15285
15289
15292
15307
15308
15325
15340
15347
15355
15356
15372
15434
15440
15453
15456
15473
15488
15503
15504
15520
15583
15588
15601
15604
15620
15636
15651
15652
15668
15732
15736
15745
15752
15767
15768
15784
15799
15800
15816
15881
15884
15893
15900
15914
15916
15932
15947
15948
16030
16032
16041
16043
16048
16061
16064
16080
16095
16096
16179
16187
16196
16208
16209
16212
16228
16243
16244
16334
16344
16355
16360
16374
16376
16391
16392
16481
16492
16503
16508
16521
16524
16539
16540
16627
16628
16629
16630
16640
16651
16653
16656
16669
16672
16688
16775
16776
16777
16778
16796
16804
16805
16817
16820
16836
16924
16925
16926
16928
16943
16952
16964
16968
16984
17073
17074
17090
17100
17111
17116
17132
17222
17235
17258
17264
17280
17283
17371
17383
17405
17414
17420
17428
17520
17530
17552
17563
17576
17678
17682
17700
17712
17724
17825
17845
17856
17861
17872
17972
17992
17997
18004
18010
18020
18119
18120
18139
18152
18159
18168
18265
18266
18268
18285
18300
18308
18318
18414
18416
18432
18448
18450
18457
18563
18564
18579
18580
18596
18606
18712
18726
18728
18744
18755
18861
18874
18876
18892
19010
19011
19012
19018
19024
19040
19159
19165
19172
19188
19312
19320
19336
19459
19468
19484
19486
19606
19611
19616
19632
19755
19764
19771
19780
19904
19912
19928
20053
20060
20076
20202
20208
20224
20225
20351
20356
20372
20500
20504
