3460
3917
4205
4486
4651
5225
5261
5695
5826
6099
6100
6157
6247
6248
6395
6543
6549
6598
6887
7002
7016
7019
7173
7184
7465
7760
7761
7762
7908
7909
7931
8018
8030
8056
8195
8487
8488
8489
8490
8491
8492
8493
8494
8495
8496
8497
8498
8508
8537
8635
8636
8637
8638
8639
8640
8641
8642
8643
8644
8645
8646
8647
8781
8782
8783
8784
8785
8786
8787
8788
8789
8790
8791
8792
8793
8794
8795
8928
8929
8930
8931
8932
8933
8934
8935
8936
8937
8939
8940
8941
8942
8943
8972
9076
9077
9078
9079
9080
9081
9082
9083
9084
9088
9089
9090
9091
9191
9192
9207
9222
9224
9225
9226
9227
9228
9229
9230
9231
9237
9238
9239
9266
9340
9372
9373
9374
9375
9376
9377
9378
9385
9386
9387
9413
9414
9487
9552
9553
9554
9555
9560
9561
9571
9669
9700
9701
9702
9707
9708
9717
9848
9849
9850
9854
9855
9856
9857
9863
9997
9998
9999
10001
10002
10003
10004
10005
10006
10010
10011
10012
10095
10103
10133
10243
10391
10448
10520
10531
10613
10861
10900
10920
11175
11182
11359
11429
11507
11654
11655
11673
11739
11800
11801
11802
11803
11819
11872
11890
11891
11904
11915
11967
12037
12038
12052
12115
12161
12184
12185
12200
12250
12263
12332
12409
12410
12411
12556
12557
12558
12559
12704
12705
12706
12707
12851
12852
12853
12854
12855
12935
12963
12978
12999
13000
13001
13002
13003
13147
13148
13149
13150
13151
13212
13244
13295
13296
13297
13298
13299
13304
13368
13442
13443
13444
13445
13446
13447
13591
13592
13593
13594
13739
13740
13741
13795
13887
13888
14035
14036
14037
14183
14184
14185
14186
14242
14243
14244
14245
14246
14247
14248
14249
14250
14264
14281
14282
14320
14321
14322
14323
14324
14325
14326
14327
14328
14329
14330
14331
14332
14333
14334
14335
14412
14413
14468
14469
14470
14471
14472
14474
14475
14476
14477
14478
14479
14480
14481
14482
14483
14551
14560
14561
14615
14616
14617
14618
14619
14623
14624
14625
14626
14627
14628
14629
14630
14631
14708
14709
14710
14763
14764
14765
14766
14772
14773
14774
14775
14776
14777
14778
14779
14783
14852
14856
14857
14858
14869
14911
14912
14913
14914
14915
14921
14922
14923
14924
14925
14926
14927
15004
15005
15059
15060
15061
15062
15063
15064
15070
15071
15072
15073
15074
15075
15152
15182
15207
15213
15289
15347
15355
15503
15651
15799
15947
16043
16095
16209
16243
16374
16391
16539
16627
16628
16629
16630
16640
16653
16656
16775
16776
16777
16778
16804
16805
16924
16925
16926
16928
16952
17073
17074
17100
17222
17283
17420
17682
17997
18266
18450
18726
19011
19012
19486
19611
19771
20224
20225
20372
