Num	Len	 SubL	 Cost	 SubC	 SE	 SU	 Time	 OL	 CL	 MM	MT
1	116	0.711	115	0.709	0	0	1	0	0	0	409758	0	1	94509	409758	94509	0			
2	120	0.759	119	0.757	0	0	12	0	0	0	11598834	0	2	31680	11598834	31680	0			
3	112	0.695	111	0.693	0	0	1	0	0	0	320374	0	2	96126	320374	96126	0			
4	114	0.838	113	0.837	0	0	1	0	0	0	96514	0	1	50228	96514	50228	0			
5	92	0.718	91	0.716	0	0	1	0	0	0	63487	0	1	63487	63487	0	0			
6	89	0.684	88	0.682	0	0	0	0	0	0	92915	0	1	35511	92915	35511	0			
7	95	0.659	94	0.657	0	0	1	0	0	0	243708	0	2	81843	243708	81843	0			
8	103	0.695	102	0.693	0	0	0	0	0	0	262865	0	2	53981	262865	53981	0			
9	96	0.657	95	0.655	0	0	0	0	0	0	134343	0	2	63500	134343	63500	0			
10	93	0.756	92	0.754	0	0	0	0	0	0	33925	0	1	7791	33925	7791	0			
11	116	0.63	115	0.628	0	0	0	0	0	0	322691	0	2	85417	322691	85417	0			
12	103	0.768	102	0.766	0	0	0	0	0	0	68824	0	1	15211	68824	15211	0			
13	103	0.824	102	0.822	0	0	1	0	0	0	60965	0	1	60965	60965	0	0			
14	108	0.818	107	0.816	0	0	0	0	0	0	40930	0	1	11199	40930	11199	0			
15	97	0.708	96	0.705	0	0	0	0	0	0	75451	0	1	16895	75451	16895	0			
16	111	0.668	110	0.666	0	0	3	0	0	0	1682879	0	2	89434	1682879	89434	0			
17	137	0.774	136	0.772	0	0	1	0	0	0	119015	0	2	61267	119015	61267	0			
18	127	0.734	126	0.732	0	0	1	0	0	0	236252	0	2	29454	236252	29454	0			
19	104	0.688	103	0.686	0	0	0	0	0	0	111518	0	2	70716	111518	70716	0			
20	95	0.678	94	0.676	0	0	1	0	0	0	168545	0	2	72423	168545	72423	0			
21	109	0.677	108	0.675	0	0	1	0	0	0	75427	0	2	43567	75427	43567	0			
22	90	0.681	89	0.679	0	0	0	0	0	0	57707	0	1	8363	57707	8363	0			
23	104	0.65	103	0.647	0	0	0	0	0	0	91275	0	2	32352	91275	32352	0			
24	93	0.732	92	0.73	0	0	0	0	0	0	51338	0	1	51338	51338	0	0			
25	101	0.623	100	0.621	0	0	0	0	0	0	91070	0	2	45914	91070	45914	0			
26	105	0.724	104	0.722	0	0	0	0	0	0	98997	0	2	48242	98997	48242	0			
27	116	0.768	115	0.766	0	0	0	0	0	0	62884	0	1	18473	62884	18473	0			
28	102	0.809	101	0.808	0	0	0	0	0	0	447304	0	2	74085	447304	74085	0			
29	123	0.672	122	0.67	0	0	0	0	0	0	78398	0	2	66598	78398	66598	0			
30	109	0.712	108	0.71	0	0	0	0	0	0	204768	0	2	34274	204768	34274	0			
31	104	0.727	103	0.725	0	0	1	0	0	0	337988	0	1	337988	337988	0	0			
32	100	0.689	99	0.687	0	0	0	0	0	0	209820	0	1	10246	209820	10246	0			
33	113	0.71	112	0.708	0	0	1	0	0	0	116800	0	2	81867	116800	81867	0			
34	94	0.691	93	0.688	0	0	0	0	0	0	80814	0	2	47977	80814	47977	0			
35	115	0.737	114	0.735	0	0	0	0	0	0	790783	0	1	116729	790783	116729	0			
36	82	0.607	81	0.604	0	0	0	0	0	0	202520	0	1	171898	202520	171898	0			
37	107	0.69	106	0.688	0	0	0	0	0	0	108669	0	2	69472	108669	69472	0			
38	103	0.705	102	0.703	0	0	0	0	0	0	57695	0	2	51891	57695	51891	0			
39	105	0.795	104	0.793	0	0	0	0	0	0	46781	0	1	46781	46781	0	0			
40	111	0.711	110	0.709	0	0	0	0	0	0	102178	0	2	79561	102178	79561	0			
41	119	0.772	118	0.771	0	0	0	0	0	0	134775	0	1	134775	134775	0	0			
42	108	0.843	107	0.842	0	0	0	0	0	0	23279	0	1	8557	23279	8557	0			
43	100	0.675	99	0.673	0	0	0	0	0	0	30066	0	1	9326	30066	9326	0			
44	95	0.742	94	0.74	0	0	0	0	0	0	155287	0	2	55499	155287	55499	0			
45	105	0.69	104	0.688	0	0	1	0	0	0	42853	0	1	9499	42853	9499	0			
46	98	0.657	97	0.655	0	0	0	0	0	0	46532	0	2	36377	46532	36377	0			
47	96	0.705	95	0.703	0	0	0	0	0	0	82427	0	2	43390	82427	43390	0			
48	87	0.659	86	0.656	0	0	0	0	0	0	30358	0	1	7453	30358	7453	0			
49	128	0.785	127	0.783	0	0	0	0	0	0	118695	0	2	26521	118695	26521	0			
50	118	0.719	117	0.717	0	0	1	0	0	0	585493	0	2	62573	585493	62573	0			
51	100	0.746	99	0.744	0	0	1	0	0	0	63675	0	2	25281	63675	25281	0			
52	99	0.755	98	0.753	0	0	0	0	0	0	62518	0	1	12380	62518	12380	0			
53	105	0.652	104	0.65	0	0	1	0	0	0	47691	0	1	26620	47691	26620	0			
54	106	0.666	105	0.664	0	0	1	0	0	0	86460	0	2	79454	86460	79454	0			
55	119	0.721	118	0.719	0	0	0	0	0	0	90063	0	2	25983	90063	25983	0			
56	138	0.945	137	0.944	0	0	0	0	0	0	38179	3	1	5074	38179	5074	0			
57	99	0.761	98	0.759	0	0	0	0	0	0	25963	0	1	6911	25963	6911	0			
58	112	0.666	111	0.664	0	0	0	0	0	0	93246	0	1	4463	93246	4463	0			
59	90	0.681	89	0.679	0	0	1	0	0	0	89837	0	2	61012	89837	61012	0			
60	107	0.69	106	0.688	0	0	0	0	0	0	84684	0	2	63082	84684	63082	0			
61	102	0.684	101	0.682	0	0	1	0	0	0	132509	0	1	11356	132509	11356	0			
62	92	0.686	91	0.684	0	0	0	0	0	0	57221	0	1	50324	57221	50324	0			
63	100	0.729	99	0.727	0	0	0	0	0	0	67047	0	2	52963	67047	52963	0			
64	87	0.707	86	0.704	0	0	0	0	0	0	74954	0	1	6231	74954	6231	0			
65	113	0.849	112	0.848	0	0	0	0	0	0	68295	0	1	12119	68295	12119	0			
66	112	0.691	111	0.689	0	0	1	0	0	0	72516	0	2	52962	72516	52962	0			
67	123	0.723	122	0.721	0	0	1	0	0	0	123743	0	2	61437	123743	61437	0			
68	94	0.723	93	0.72	0	0	0	0	0	0	42130	0	1	4319	42130	4319	0			
69	125	0.844	124	0.843	0	0	1	0	0	0	62720	0	1	62720	62720	0	0			
70	102	0.728	101	0.726	0	0	0	0	0	0	85886	0	2	55301	85886	55301	0			
71	101	0.668	100	0.666	0	0	0	0	0	0	48646	0	1	12083	48646	12083	0			
72	93	0.688	92	0.686	0	0	0	0	0	0	49305	0	1	49305	49305	0	0			
73	120	0.722	119	0.721	0	0	0	0	0	0	21714	0	1	7061	21714	7061	0			
74	121	0.96	120	0.96	0	0	0	0	0	0	159770	0	2	28371	159770	28371	0			
75	111	0.787	110	0.785	0	0	0	0	0	0	54633	0	1	5961	54633	5961	0			
76	91	0.65	90	0.647	0	0	0	0	0	0	53399	0	1	5394	53399	5394	0			
77	144	1.035	143	1.036	0	0	0	0	0	0	90951	3	1	15141	90951	15141	0			
78	110	0.88	109	0.879	0	0	0	0	0	0	136969	0	1	14472	136969	14472	0			
79	94	0.626	93	0.624	0	0	1	0	0	0	67716	0	2	44323	67716	44323	0			
80	96	0.635	95	0.633	0	0	0	0	0	0	90506	0	1	14114	90506	14114	0			
81	112	0.772	111	0.77	0	0	0	0	0	0	73289	0	1	6705	73289	6705	0			
82	102	0.829	101	0.827	0	0	0	0	0	0	89180	0	2	55265	89180	55265	0			
83	119	0.743	118	0.742	0	0	0	0	0	0	77815	0	2	25472	77815	25472	0			
84	96	0.653	95	0.65	0	0	1	0	0	0	93794	0	2	87013	93794	87013	0			
85	98	0.715	97	0.713	0	0	0	0	0	0	89127	0	2	47236	89127	47236	0			
86	117	0.696	116	0.694	0	0	0	0	0	0	114043	0	2	70177	114043	70177	0			
87	105	0.807	104	0.806	0	0	0	0	0	0	105964	0	1	42028	105964	42028	0			
88	107	0.681	106	0.679	0	0	0	0	0	0	73990	0	2	26893	73990	26893	0			
89	85	0.62	84	0.617	0	0	0	0	0	0	59909	0	1	13825	59909	13825	0			
90	87	0.685	86	0.682	0	0	0	0	0	0	161232	0	2	88055	161232	88055	0			
91	119	0.725	118	0.723	0	0	0	0	0	0	53389	0	2	17716	53389	17716	0			
92	97	0.638	96	0.635	0	0	1	0	0	0	40551	0	2	38411	40551	38411	0			
93	106	0.746	105	0.744	0	0	0	0	0	0	48565	0	2	33428	48565	33428	0			
94	96	0.695	95	0.693	0	0	0	0	0	0	94867	0	1	12634	94867	12634	0			
95	84	0.641	83	0.638	0	0	0	0	0	0	75993	0	2	50393	75993	50393	0			
96	148	1.049	147	1.05	0	0	1	0	0	0	187188	3	1	14267	187188	14267	0			
97	101	0.782	100	0.781	0	0	0	0	0	0	93400	0	2	20283	93400	20283	0			
98	135	0.95	134	0.95	0	0	0	0	0	0	50144	4	1	5191	50144	5191	0			
99	83	0.624	82	0.621	0	0	1	0	0	0	87757	0	1	69403	87757	69403	0			
100	119	0.85	118	0.848	0	0	0	0	0	0	80744	0	2	15019	80744	15019	0			
