Num	Len	 SubL	 Cost	 SubC	 SE	 SU	 Time	 OL	 CL	 MM	MT
1	163	1.0	162	1.0	678	1283	38	162	677	839	0	0	0	0	0	0			
2	158	1.0	157	1.0	2973	5533	18	511	2972	3185	0	0	0	0	0	0			
3	161	1.0	160	1.0	1678	3244	8	1213	1677	2890	0	0	0	0	0	0			
4	136	1.0	135	1.0	2037	3872	8	284	2036	2172	0	0	0	0	0	0			
5	128	1.0	127	1.0	1065	1974	13	323	1064	1194	0	0	0	0	0	0			
6	130	1.0	129	1.0	553	1088	6	201	552	753	0	0	0	0	0	0			
7	144	1.0	143	1.0	561	1112	3	219	560	779	0	0	0	0	0	0			
8	148	1.0	147	1.0	1720	3180	16	186	1719	1838	0	0	0	0	0	0			
9	146	1.0	145	1.0	3113	5817	32	960	3112	3272	0	0	0	0	0	0			
10	123	1.0	122	1.0	1694	3150	44	306	1693	1873	0	0	0	0	0	0			
11	184	1.0	183	1.0	3553	6590	27	847	3552	3706	0	0	0	0	0	0			
12	134	1.0	133	1.0	2112	3865	10	215	2111	2216	0	0	0	0	0	0			
13	125	1.0	124	1.0	1736	3270	7	656	1735	1898	0	0	0	0	0	0			
14	132	1.0	131	1.0	755	1389	3	175	754	929	0	0	0	0	0	0			
15	137	1.0	136	1.0	1782	3394	10	991	1781	2449	0	0	0	0	0	0			
16	166	1.0	165	1.0	3109	5814	21	891	3108	3278	0	0	0	0	0	0			
17	177	1.0	176	1.0	1938	3679	36	1040	1937	2780	0	0	0	0	0	0			
18	173	1.0	172	1.0	2958	5493	21	662	2957	3158	0	0	0	0	0	0			
19	151	1.0	150	1.0	2954	5474	16	662	2953	3097	0	0	0	0	0	0			
20	140	1.0	139	1.0	2091	3943	9	893	2090	2251	0	0	0	0	0	0			
21	161	1.0	160	1.0	2787	5181	16	619	2786	2913	0	0	0	0	0	0			
22	132	1.0	131	1.0	2701	5027	15	282	2700	2836	0	0	0	0	0	0			
23	160	1.0	159	1.0	2852	5335	17	805	2851	3009	0	0	0	0	0	0			
24	127	1.0	126	1.0	1386	2541	29	341	1385	1564	0	0	0	0	0	0			
25	162	1.0	161	1.0	1595	3081	48	1153	1594	2747	0	0	0	0	0	0			
26	145	1.0	144	1.0	2199	4120	25	362	2198	2365	0	0	0	0	0	0			
27	151	1.0	150	1.0	1676	3208	12	654	1675	1897	0	0	0	0	0	0			
28	126	1.0	125	1.0	1788	3343	6	280	1787	1951	0	0	0	0	0	0			
29	183	1.0	182	1.0	3527	6536	20	698	3526	3839	0	0	0	0	0	0			
30	153	1.0	152	1.0	2740	5097	8	696	2739	2868	0	0	0	0	0	0			
31	143	1.0	142	1.0	239	547	1	274	238	512	0	0	0	0	0	0			
32	145	1.0	144	1.0	2504	4649	10	232	2503	2681	0	0	0	0	0	0			
33	159	1.0	158	1.0	1670	3219	20	1081	1669	2750	0	0	0	0	0	0			
34	136	1.0	135	1.0	2305	4338	15	800	2304	2428	0	0	0	0	0	0			
35	156	1.0	155	1.0	1997	3747	34	534	1996	2152	0	0	0	0	0	0			
36	135	1.0	134	1.0	2328	4360	14	1089	2327	2621	0	0	0	0	0	0			
37	155	1.0	154	1.0	2199	4141	12	814	2198	2315	0	0	0	0	0	0			
38	146	1.0	145	1.0	2279	4287	11	747	2278	2478	0	0	0	0	0	0			
39	132	1.0	131	1.0	219	483	0	225	218	443	0	0	0	0	0	0			
40	156	1.0	155	1.0	1485	2893	18	947	1484	2174	0	0	0	0	0	0			
41	154	1.0	153	1.0	3107	5736	14	562	3106	3281	0	0	0	0	0	0			
42	128	1.0	127	1.0	1307	2422	6	511	1306	1408	0	0	0	0	0	0			
43	148	1.0	147	1.0	1599	2953	8	217	1598	1732	0	0	0	0	0	0			
44	128	1.0	127	1.0	1695	3230	7	380	1694	1821	0	0	0	0	0	0			
45	152	1.0	151	1.0	576	1157	3	255	575	830	0	0	0	0	0	0			
46	149	1.0	148	1.0	548	1116	3	250	547	797	0	0	0	0	0	0			
47	136	1.0	135	1.0	1089	2083	3	266	1088	1241	0	0	0	0	0	0			
48	132	1.0	131	1.0	400	815	2	245	399	644	0	0	0	0	0	0			
49	163	1.0	162	1.0	1675	3214	35	905	1674	2167	0	0	0	0	0	0			
50	164	1.0	163	1.0	3363	6205	10	263	3362	3558	0	0	0	0	0	0			
51	134	1.0	133	1.0	2021	3697	6	200	2020	2120	0	0	0	0	0	0			
52	131	1.0	130	1.0	1084	1995	3	130	1083	1213	0	0	0	0	0	0			
53	161	1.0	160	1.0	2607	4881	18	1304	2606	2840	0	0	0	0	0	0			
54	159	1.0	158	1.0	535	1089	2	252	534	786	0	0	0	0	0	0			
55	165	1.0	164	1.0	2783	5223	63	752	2782	2969	0	0	0	0	0	0			
56	146	1.0	145	1.0	1931	3599	5	240	1930	2081	0	0	0	0	0	0			
57	130	1.0	129	1.0	1151	2149	4	395	1150	1252	0	0	0	0	0	0			
58	168	1.0	167	1.0	3637	6756	14	1009	3636	3791	0	0	0	0	0	0			
59	132	1.0	131	1.0	544	1096	1	222	543	765	0	0	0	0	0	0			
60	155	1.0	154	1.0	1564	3012	17	1068	1563	2631	0	0	0	0	0	0			
61	149	1.0	148	1.0	643	1196	2	113	642	755	0	0	0	0	0	0			
62	134	1.0	133	1.0	495	968	4	197	494	691	0	0	0	0	0	0			
63	137	1.0	136	1.0	1400	2725	22	1108	1399	2507	0	0	0	0	0	0			
64	123	1.0	122	1.0	580	1103	3	128	579	707	0	0	0	0	0	0			
65	133	1.0	132	1.0	1109	2086	6	360	1108	1287	0	0	0	0	0	0			
66	162	1.0	161	1.0	1674	3232	11	1189	1673	2862	0	0	0	0	0	0			
67	170	1.0	169	1.0	3143	5799	37	211	3142	3331	0	0	0	0	0	0			
68	130	1.0	129	1.0	1701	3246	8	1150	1700	2520	0	0	0	0	0	0			
69	148	1.0	147	1.0	1682	3218	7	1076	1681	2343	0	0	0	0	0	0			
70	140	1.0	139	1.0	1431	2776	16	1155	1430	2585	0	0	0	0	0	0			
71	151	1.0	150	1.0	461	939	1	230	460	690	0	0	0	0	0	0			
72	135	1.0	134	1.0	224	498	1	240	223	463	0	0	0	0	0	0			
73	166	1.0	165	1.0	2501	4697	9	991	2500	2683	0	0	0	0	0	0			
74	126	1.0	125	1.0	2172	3961	6	176	2171	2271	0	0	0	0	0	0			
75	141	1.0	140	1.0	2229	4162	8	316	2228	2381	0	0	0	0	0	0			
76	140	1.0	139	1.0	2379	4448	23	1067	2378	2562	0	0	0	0	0	0			
77	139	1.0	138	1.0	2111	3984	11	1091	2110	2367	0	0	0	0	0	0			
78	125	1.0	124	1.0	848	1620	3	386	847	1233	0	0	0	0	0	0			
79	150	1.0	149	1.0	2184	4092	10	892	2183	2315	0	0	0	0	0	0			
80	151	1.0	150	1.0	2430	4546	39	1417	2429	3069	0	0	0	0	0	0			
81	145	1.0	144	1.0	1920	3572	6	333	1919	2049	0	0	0	0	0	0			
82	123	1.0	122	1.0	1208	2332	7	770	1207	1668	0	0	0	0	0	0			
83	160	1.0	159	1.0	1786	3429	11	1108	1785	2676	0	0	0	0	0	0			
84	147	1.0	146	1.0	1707	3309	13	1478	1706	3184	0	0	0	0	0	0			
85	137	1.0	136	1.0	2734	5080	12	277	2733	2938	0	0	0	0	0	0			
86	168	1.0	167	1.0	2779	5212	38	744	2778	2958	0	0	0	0	0	0			
87	130	1.0	129	1.0	388	758	6	200	387	587	0	0	0	0	0	0			
88	157	1.0	156	1.0	3125	5809	15	422	3124	3258	0	0	0	0	0	0			
89	137	1.0	136	1.0	1974	3659	6	161	1973	2134	0	0	0	0	0	0			
90	127	1.0	126	1.0	1433	2765	5	949	1432	2199	0	0	0	0	0	0			
91	164	1.0	163	1.0	3229	5967	37	501	3228	3425	0	0	0	0	0	0			
92	152	1.0	151	1.0	649	1247	2	210	648	858	0	0	0	0	0	0			
93	142	1.0	141	1.0	963	1850	11	411	962	1083	0	0	0	0	0	0			
94	138	1.0	137	1.0	1143	2118	4	332	1142	1284	0	0	0	0	0	0			
95	131	1.0	130	1.0	474	934	3	199	473	672	0	0	0	0	0	0			
96	141	1.0	140	1.0	1783	3419	11	933	1782	2345	0	0	0	0	0	0			
97	129	1.0	128	1.0	1569	2908	6	295	1568	1676	0	0	0	0	0	0			
98	142	1.0	141	1.0	1674	3130	5	394	1673	1818	0	0	0	0	0	0			
99	133	1.0	132	1.0	2537	4757	10	1056	2536	2692	0	0	0	0	0	0			
100	140	1.0	139	1.0	1559	2993	2	863	1558	2069	0	0	0	0	0	0			
