Num	Len	 SubL	 Cost	 SubC	 SE	 SU	 Time	 OL	 CL	 MM	MT
1	163	1.012	1620	0.854	198	475	8	176	197	373	0	0	0	0	0	0			
2	158	1.032	1570	0.858	1331	2470	12	173	1330	1503	0	0	0	0	0	0			
3	177	1.229	1760	1.087	440	894	14	205	439	644	0	0	0	0	0	0			
4	136	1.307	1350	1.056	1107	2082	5	133	1106	1239	0	0	0	0	0	0			
5	140	1.206	1390	1.041	386	785	2	199	385	584	0	0	0	0	0	0			
6	132	1.269	1310	1.031	180	426	2	163	179	342	0	0	0	0	0	0			
7	146	1.39	1450	1.129	203	492	3	187	202	389	0	0	0	0	0	0			
8	148	1.096	1470	0.879	865	1581	4	108	864	967	0	0	0	0	0	0			
9	146	0.993	1450	0.839	718	1372	3	172	717	889	0	0	0	0	0	0			
10	125	1.096	1240	0.892	453	904	37	181	452	633	0	0	0	0	0	0			
11	184	1.142	1830	0.951	922	1724	3	184	921	1105	0	0	0	0	0	0			
12	146	1.14	1450	0.94	622	1224	3	194	621	815	0	0	0	0	0	0			
13	125	1.225	1240	1.028	737	1442	2	231	736	967	0	0	0	0	0	0			
14	132	1.073	1310	0.844	149	339	1	137	148	285	0	0	0	0	0	0			
15	137	1.07	1360	0.927	284	630	1	187	283	470	0	0	0	0	0	0			
16	166	1.185	1650	0.992	807	1535	4	201	806	1007	0	0	0	0	0	0			
17	177	1.273	1760	1.011	680	1320	66	178	679	857	0	0	0	0	0	0			
18	183	1.165	1820	0.955	1519	2804	8	192	1518	1710	0	0	0	0	0	0			
19	177	1.212	1760	1.024	995	1922	37	205	994	1199	0	0	0	0	0	0			
20	140	0.972	1390	0.844	440	868	3	168	439	607	0	0	0	0	0	0			
21	161	1.238	1600	1.011	657	1276	2	236	656	892	0	0	0	0	0	0			
22	140	1.068	1390	0.873	737	1428	2	178	736	914	0	0	0	0	0	0			
23	160	0.987	1590	0.874	601	1194	2	204	600	804	0	0	0	0	0	0			
24	135	1.097	1340	0.907	444	871	1	176	443	619	0	0	0	0	0	0			
25	176	1.364	1750	1.172	645	1242	3	225	644	869	0	0	0	0	0	0			
26	147	1.13	1460	0.909	558	1096	2	185	557	742	0	0	0	0	0	0			
27	151	1.161	1500	0.998	741	1446	2	207	740	947	0	0	0	0	0	0			
28	126	0.919	1250	0.767	927	1721	3	124	926	1050	0	0	0	0	0	0			
29	183	1.011	1820	0.845	917	1731	4	195	916	1111	0	0	0	0	0	0			
30	153	1.186	1520	0.989	658	1268	3	233	657	890	0	0	0	0	0	0			
31	143	1.3	1420	1.033	168	419	1	159	167	326	0	0	0	0	0	0			
32	147	0.967	1460	0.772	511	1013	18	203	510	713	0	0	0	0	0	0			
33	169	1.157	1680	0.964	373	794	1	191	372	563	0	0	0	0	0	0			
34	136	0.883	1350	0.745	511	1006	2	140	510	650	0	0	0	0	0	0			
35	182	1.41	1810	1.206	991	1875	21	192	990	1182	0	0	0	0	0	0			
36	135	1.323	1340	1.126	534	1028	2	211	533	744	0	0	0	0	0	0			
37	155	0.981	1540	0.816	550	1075	2	160	549	709	0	0	0	0	0	0			
38	146	1.186	1450	0.979	586	1119	1	226	585	811	0	0	0	0	0	0			
39	132	1.233	1310	0.992	189	463	1	177	188	365	0	0	0	0	0	0			
40	166	1.099	1650	0.9	1313	2469	16	237	1312	1549	0	0	0	0	0	0			
41	154	1.149	1530	0.913	1169	2205	4	218	1168	1386	0	0	0	0	0	0			
42	128	1.113	1270	0.896	474	972	2	177	473	650	0	0	0	0	0	0			
43	148	1.203	1470	0.947	973	1799	28	134	972	1106	0	0	0	0	0	0			
44	128	1.347	1270	1.15	460	910	2	159	459	618	0	0	0	0	0	0			
45	154	1.283	1530	1.052	225	540	0	170	224	394	0	0	0	0	0	0			
46	149	1.155	1480	0.953	294	646	2	191	293	484	0	0	0	0	0	0			
47	198	2.02	1970	1.707	726	1390	2	189	725	914	0	0	0	0	0	0			
48	134	1.326	1330	1.055	177	428	1	158	176	334	0	0	0	0	0	0			
49	173	1.101	1720	0.907	1056	1991	2	208	1055	1263	0	0	0	0	0	0			
50	164	0.97	1630	0.816	1358	2486	4	151	1357	1508	0	0	0	0	0	0			
51	140	1.386	1390	1.124	650	1275	3	178	649	827	0	0	0	0	0	0			
52	131	1.119	1300	0.902	666	1204	2	60	665	725	0	0	0	0	0	0			
53	171	1.248	1700	1.078	626	1222	2	209	625	834	0	0	0	0	0	0			
54	159	1.177	1580	0.994	285	625	1	216	284	500	0	0	0	0	0	0			
55	165	1.085	1640	0.89	1455	2726	33	180	1454	1634	0	0	0	0	0	0			
56	146	1.247	1450	1.004	984	1813	3	120	983	1103	0	0	0	0	0	0			
57	130	1.214	1290	1.001	327	697	4	176	326	502	0	0	0	0	0	0			
58	172	1.154	1710	0.943	1417	2645	20	218	1416	1634	0	0	0	0	0	0			
59	132	1.081	1310	0.903	292	628	2	175	291	466	0	0	0	0	0	0			
60	159	1.135	1580	0.996	573	1129	12	239	572	811	0	0	0	0	0	0			
61	149	1.027	1480	0.84	258	561	2	168	257	425	0	0	0	0	0	0			
62	140	1.138	1390	0.987	430	884	1	191	429	620	0	0	0	0	0	0			
63	137	1.104	1360	0.937	352	728	9	224	351	575	0	0	0	0	0	0			
64	123	0.924	1220	0.774	215	474	0	173	214	387	0	0	0	0	0	0			
65	143	1.276	1420	1.061	662	1256	3	161	661	822	0	0	0	0	0	0			
66	174	1.208	1730	1.066	420	858	2	203	419	622	0	0	0	0	0	0			
67	172	1.219	1710	1.001	1207	2286	4	236	1206	1442	0	0	0	0	0	0			
68	130	0.948	1290	0.808	382	790	2	187	381	568	0	0	0	0	0	0			
69	148	1.096	1470	0.928	568	1145	2	229	567	796	0	0	0	0	0	0			
70	140	1.076	1390	0.918	333	723	28	180	332	512	0	0	0	0	0	0			
71	151	1.313	1500	1.056	222	510	1	152	221	373	0	0	0	0	0	0			
72	135	1.363	1340	1.043	207	476	2	170	206	376	0	0	0	0	0	0			
73	176	1.197	1750	1.012	1144	2191	8	245	1143	1388	0	0	0	0	0	0			
74	132	1.333	1310	1.098	968	1822	14	142	967	1109	0	0	0	0	0	0			
75	141	1.194	1400	0.957	878	1612	4	124	877	1001	0	0	0	0	0	0			
76	150	1.209	1490	1.053	609	1180	3	182	608	790	0	0	0	0	0	0			
77	145	1.306	1440	1.074	405	799	1	215	404	619	0	0	0	0	0	0			
78	125	1.077	1240	0.899	553	1074	2	166	552	718	0	0	0	0	0	0			
79	150	0.993	1490	0.842	373	760	1	155	372	527	0	0	0	0	0	0			
80	151	1.143	1500	0.965	414	830	2	162	413	575	0	0	0	0	0	0			
81	145	1.283	1440	1.022	954	1761	3	138	953	1091	0	0	0	0	0	0			
82	123	1.088	1220	0.886	808	1549	2	199	807	1006	0	0	0	0	0	0			
83	170	1.156	1690	0.991	717	1397	1	203	716	919	0	0	0	0	0	0			
84	157	1.276	1560	1.098	377	806	1	192	376	568	0	0	0	0	0	0			
85	137	1.141	1360	0.937	1204	2210	11	157	1203	1358	0	0	0	0	0	0			
86	168	1.12	1670	0.906	1338	2523	3	179	1337	1516	0	0	0	0	0	0			
87	156	1.752	1550	1.379	233	521	1	156	232	388	0	0	0	0	0	0			
88	157	1.217	1560	1.005	670	1259	1	206	669	875	0	0	0	0	0	0			
89	137	1.07	1360	0.875	1054	1939	13	126	1053	1179	0	0	0	0	0	0			
90	127	1.049	1260	0.884	234	520	1	181	233	414	0	0	0	0	0	0			
91	174	1.115	1730	0.921	1488	2761	3	192	1487	1679	0	0	0	0	0	0			
92	152	1.151	1510	0.921	322	697	1	171	321	492	0	0	0	0	0	0			
93	142	1.392	1410	1.093	822	1537	2	147	821	968	0	0	0	0	0	0			
94	138	1.037	1370	0.829	759	1407	3	137	758	895	0	0	0	0	0	0			
95	131	1.139	1300	0.958	414	860	1	186	413	599	0	0	0	0	0	0			
96	141	1.11	1400	0.923	356	733	11	216	355	571	0	0	0	0	0	0			
97	129	1.057	1280	0.856	869	1589	4	112	868	980	0	0	0	0	0	0			
98	152	1.125	1510	0.911	1143	2116	3	157	1142	1299	0	0	0	0	0	0			
99	137	1.0	1360	0.845	496	990	1	170	495	665	0	0	0	0	0	0			
100	146	1.006	1450	0.825	849	1611	3	201	848	1049	0	0	0	0	0	0			
