Num	Len	 SubL	 Cost	 SubC	 SE	 SU	 Time	 OL	 CL	 MM	MT
1	114	0.699	113	0.697	0	0	28	0	0	0	637129	0	2	425467	637129	425467	0			
2	111	0.702	110	0.7	0	0	12	0	0	0	2668376	0	2	2516444	2668376	2516444	0			
3	127	0.788	126	0.787	0	0	1	0	0	0	755647	0	2	595770	755647	595770	0			
4	102	0.75	101	0.748	0	0	1	0	0	0	1072908	0	2	632704	1072908	632704	0			
5	92	0.718	91	0.716	0	0	0	0	0	0	509663	0	2	390650	509663	390650	0			
6	101	0.776	100	0.775	0	0	0	0	0	0	475828	0	2	337163	475828	337163	0			
7	105	0.729	104	0.727	0	0	0	0	0	0	882952	0	2	678378	882952	678378	0			
8	106	0.716	105	0.714	0	0	5	0	0	0	4752830	0	2	4593798	4752830	4593798	0			
9	103	0.705	102	0.703	0	0	2	0	0	0	1354576	0	2	1205059	1354576	1205059	0			
10	101	0.821	100	0.819	0	0	3	0	0	0	3082720	0	2	2955772	3082720	2955772	0			
11	137	0.744	136	0.743	0	0	1	0	0	0	998106	0	2	840306	998106	840306	0			
12	106	0.791	105	0.789	0	0	1	0	0	0	404507	0	2	295236	404507	295236	0			
13	98	0.784	97	0.782	9	25	1	17	8	25	983860	0	2	788437	983860	788437	0			
14	93	0.704	92	0.702	0	0	1	0	0	0	447269	0	2	368276	447269	368276	0			
15	112	0.817	111	0.816	0	0	1	0	0	0	395833	0	2	296721	395833	296721	0			
16	131	0.789	130	0.787	0	0	0	0	0	0	670853	2	2	537632	670853	537632	0			
17	135	0.762	134	0.761	0	0	1	0	0	0	562589	0	2	438751	562589	438751	0			
18	125	0.722	124	0.72	0	0	0	0	0	0	485809	0	2	392629	485809	392629	0			
19	102	0.675	101	0.673	0	0	1	0	0	0	652268	0	2	558966	652268	558966	0			
20	113	0.807	112	0.805	0	0	6	0	0	0	6135939	1	2	6015280	6135939	6015280	0			
21	117	0.726	116	0.725	0	0	3	0	0	0	3068845	0	2	2956186	3068845	2956186	0			
22	100	0.757	99	0.755	0	0	1	0	0	0	570687	0	2	456098	570687	456098	0			
23	120	0.75	119	0.748	0	0	1	0	0	0	1170989	0	2	1008359	1170989	1008359	0			
24	93	0.732	92	0.73	0	0	1	0	0	0	490016	0	2	398238	490016	398238	0			
25	141	0.87	140	0.869	0	0	1	0	0	0	1116382	6	2	983863	1116382	983863	0			
26	110	0.758	109	0.756	0	0	1	0	0	0	1357343	0	2	1218794	1357343	1218794	0			
27	123	0.814	122	0.813	0	0	0	0	0	0	505014	0	2	351186	505014	351186	0			
28	93	0.738	92	0.736	0	0	0	0	0	0	383928	0	2	294966	383928	294966	0			
29	141	0.77	140	0.769	0	0	1	0	0	0	665517	0	2	505461	665517	505461	0			
30	115	0.751	114	0.75	0	0	1	0	0	0	664601	0	2	556825	664601	556825	0			
31	104	0.727	103	0.725	0	0	1	0	0	0	800721	0	2	694142	800721	694142	0			
32	109	0.751	108	0.75	0	0	1	0	0	0	569974	0	2	472760	569974	472760	0			
33	114	0.716	113	0.715	0	0	1	0	0	0	415319	0	2	271603	415319	271603	0			
34	97	0.713	96	0.711	0	0	11	0	0	0	11362654	0	2	782682	11362654	782682	0			
35	125	0.801	124	0.8	0	0	0	0	0	0	534660	0	2	417386	534660	417386	0			
36	96	0.711	95	0.708	0	0	1	0	0	0	594864	0	2	498513	594864	498513	0			
37	108	0.696	107	0.694	0	0	1	0	0	0	625920	0	2	520098	625920	520098	0			
38	109	0.746	108	0.744	0	0	1	0	0	0	443408	0	2	335502	443408	335502	0			
39	97	0.734	96	0.732	0	0	1	0	0	0	943120	0	2	851223	943120	851223	0			
40	123	0.788	122	0.787	0	0	1	0	0	0	672531	0	2	559752	672531	559752	0			
41	109	0.707	108	0.705	0	0	2	0	0	0	1354470	0	2	1226579	1354470	1226579	0			
42	90	0.703	89	0.7	0	0	0	0	0	0	524043	0	2	449346	524043	449346	0			
43	100	0.675	99	0.673	0	0	1	0	0	0	537297	0	2	423596	537297	423596	0			
44	90	0.703	89	0.7	0	0	3	0	0	0	2871872	0	2	2720110	2871872	2720110	0			
45	101	0.664	100	0.662	0	0	0	0	0	0	549366	0	2	458908	549366	458908	0			
46	103	0.691	102	0.689	0	0	12	0	0	0	12147513	0	2	471887	12147513	471887	0			
47	98	0.72	97	0.718	0	0	1	0	0	0	567884	0	2	476879	567884	476879	0			
48	101	0.765	100	0.763	0	0	1	0	0	0	1023112	0	2	925010	1023112	925010	0			
49	130	0.797	129	0.796	0	0	10	0	0	0	9655720	0	2	9539279	9655720	9539279	0			
50	117	0.713	116	0.711	0	0	1	0	0	0	613870	0	2	513451	613870	513451	0			
51	103	0.768	102	0.766	0	0	6	0	0	0	5293433	0	2	4424238	5293433	4424238	0			
52	90	0.687	89	0.684	0	0	1	0	0	0	671802	0	2	585485	671802	585485	0			
53	118	0.732	117	0.731	0	0	1	0	0	0	579047	0	2	466912	579047	466912	0			
54	130	0.817	129	0.816	0	0	1	0	0	0	1101339	0	2	954700	1101339	954700	0			
55	125	0.757	124	0.756	0	0	1	0	0	0	586929	0	2	448647	586929	448647	0			
56	115	0.787	114	0.786	0	0	0	0	0	0	436322	0	2	315506	436322	315506	0			
57	93	0.715	92	0.713	0	0	1	0	0	0	475960	0	2	370385	475960	370385	0			
58	120	0.714	119	0.712	33	66	0	19	32	51	552332	0	2	342197	552332	342197	0			
59	98	0.742	97	0.74	0	0	0	0	0	0	323419	0	2	236043	323419	236043	0			
60	126	0.812	125	0.811	0	0	1	0	0	0	539495	0	2	371775	539495	371775	0			
61	105	0.704	104	0.702	0	0	1	0	0	0	415683	0	2	310212	415683	310212	0			
62	103	0.768	102	0.766	0	0	1	0	0	0	342681	0	2	240721	342681	240721	0			
63	105	0.766	104	0.764	0	0	0	0	0	0	573166	0	2	466502	573166	466502	0			
64	88	0.715	87	0.713	0	0	1	0	0	0	389612	0	2	288110	389612	288110	0			
65	99	0.744	98	0.742	0	0	0	0	0	0	391909	0	2	285611	391909	285611	0			
66	127	0.783	126	0.782	0	0	1	0	0	0	503461	0	2	384500	503461	384500	0			
67	118	0.694	117	0.692	0	0	0	0	0	0	498207	0	2	390671	498207	390671	0			
68	98	0.753	97	0.751	0	0	2	0	0	0	1642095	0	2	1534821	1642095	1534821	0			
69	118	0.797	117	0.795	0	0	1	0	0	0	597958	0	2	484074	597958	484074	0			
70	103	0.735	102	0.733	0	0	1	0	0	0	473038	0	2	375187	473038	375187	0			
71	105	0.695	104	0.693	0	0	1	0	0	0	733984	0	2	626415	733984	626415	0			
72	103	0.762	102	0.761	0	0	1	0	0	0	910665	0	2	805483	910665	805483	0			
73	129	0.777	128	0.775	0	0	1	0	0	0	613664	0	2	460951	613664	460951	0			
74	108	0.857	107	0.856	0	0	1	0	0	0	314681	0	2	217529	314681	217529	0			
75	101	0.716	100	0.714	0	0	2	0	0	0	2757223	0	2	432524	2757223	432524	0			
76	109	0.778	108	0.776	11	31	1	21	10	31	587590	0	2	388133	587590	388133	0			
77	105	0.755	104	0.753	0	0	1	0	0	0	571448	0	2	437448	571448	437448	0			
78	96	0.768	95	0.766	0	0	1	0	0	0	432165	0	2	325412	432165	325412	0			
79	109	0.726	108	0.724	0	0	0	0	0	0	484826	0	2	367340	484826	367340	0			
80	98	0.649	97	0.646	0	0	1	0	0	0	428968	0	2	333649	428968	333649	0			
81	107	0.737	106	0.736	0	0	0	0	0	0	445681	0	2	312456	445681	312456	0			
82	98	0.796	97	0.795	0	0	0	0	0	0	338664	0	2	244039	338664	244039	0			
83	123	0.768	122	0.767	0	0	1	0	0	0	1246631	0	2	1060795	1246631	1060795	0			
84	98	0.666	97	0.664	0	0	1	0	0	0	430587	0	2	341527	430587	341527	0			
85	94	0.686	93	0.683	0	0	0	0	0	0	365633	0	2	276808	365633	276808	0			
86	118	0.702	117	0.7	0	0	1	0	0	0	521952	0	2	397379	521952	397379	0			
87	88	0.676	87	0.674	0	0	1	0	0	0	259732	0	2	177729	259732	177729	0			
88	123	0.783	122	0.782	0	0	0	0	0	0	597254	0	2	463653	597254	463653	0			
89	90	0.656	89	0.654	0	0	1	0	0	0	1258683	0	2	1086083	1258683	1086083	0			
90	92	0.724	91	0.722	0	0	0	0	0	0	381726	0	2	291825	381726	291825	0			
91	117	0.713	116	0.711	0	0	0	0	0	0	611120	0	2	502274	611120	502274	0			
92	110	0.723	109	0.721	0	0	2	0	0	0	1076907	0	2	938076	1076907	938076	0			
93	106	0.746	105	0.744	0	0	1	0	0	0	689891	0	2	586102	689891	586102	0			
94	98	0.71	97	0.708	0	0	1	0	0	0	629486	0	2	523322	629486	523322	0			
95	95	0.725	94	0.723	0	0	0	0	0	0	380561	0	2	282380	380561	282380	0			
96	108	0.765	107	0.764	0	0	3	0	0	0	2887059	0	2	2755005	2887059	2755005	0			
97	95	0.736	94	0.734	0	0	0	0	0	0	358810	0	2	272732	358810	272732	0			
98	97	0.683	96	0.68	0	0	1	0	0	0	636302	0	2	530748	636302	530748	0			
99	88	0.661	87	0.659	0	0	0	0	0	0	697578	0	2	432157	697578	432157	0			
100	107	0.764	106	0.762	0	0	1	0	0	0	375768	0	2	280373	375768	280373	0			
