Num	Len	 SubL	 Cost	 SubC	 SE	 SU	 Time	 OL	 CL	 MM	MT
1	114	0.708	1422	0.75	0	0	28	0	0	0	241423	0	2	70136	241423	70136	0			
2	109	0.712	1412	0.772	0	0	2	0	0	0	2074086	0	2	1947895	2074086	1947895	0			
3	127	0.881	1492	0.922	0	0	1	0	0	0	979600	0	2	843466	979600	843466	0			
4	102	0.98	1290	1.009	0	0	0	0	0	0	415518	0	2	308272	415518	308272	0			
5	92	0.793	1126	0.844	0	0	0	0	0	0	190429	0	2	109271	190429	109271	0			
6	97	0.932	1156	0.91	0	0	1	0	0	0	96366	0	2	11261	96366	11261	0			
7	105	1.0	1316	1.024	0	0	1	0	0	0	396240	0	2	283969	396240	283969	0			
8	106	0.785	1330	0.795	0	0	0	0	0	0	430149	0	2	297678	430149	297678	0			
9	9	0.061	96	0.055	0	0	14	0	0	0	858535	0	1	858535	858535	0	0			
10	99	0.868	1196	0.86	0	0	1	0	0	0	294207	0	2	211802	294207	211802	0			
11	127	0.788	1568	0.814	0	0	1	0	0	0	442076	0	2	332126	442076	332126	0			
12	106	0.828	1282	0.831	0	0	0	0	0	0	141130	0	2	48526	141130	48526	0			
13	98	0.96	1190	0.986	91	197	27	29	90	116	26736978	0	2	345796	26736978	345796	0			
14	93	0.756	1180	0.76	0	0	0	0	0	0	179232	0	2	119444	179232	119444	0			
15	112	0.875	1274	0.869	0	0	0	0	0	0	106802	0	2	15077	106802	15077	0			
16	120	0.857	1414	0.85	0	0	0	0	0	0	324055	0	2	226302	324055	226302	0			
17	137	0.985	1656	0.951	0	0	0	0	0	0	184158	0	2	80825	184158	80825	0			
18	123	0.783	1580	0.829	0	0	0	0	0	0	129324	0	2	13370	129324	13370	0			
19	102	0.698	1310	0.762	0	0	0	0	0	0	275483	0	2	205954	275483	205954	0			
20	9	0.062	96	0.058	0	0	1	0	0	0	972510	0	1	972510	972510	0	0			
21	110	0.846	1382	0.873	0	0	1	0	0	0	1126984	0	2	903468	1126984	903468	0			
22	49	0.374	628	0.394	0	0	0	0	0	0	56125	0	1	56125	56125	0	0			
23	9	0.055	96	0.052	0	0	0	0	0	0	424208	0	1	424208	424208	0	0			
24	93	0.756	1096	0.742	0	0	1	0	0	0	109800	0	2	44972	109800	44972	0			
25	124	0.961	1526	1.022	0	0	1	0	0	0	758773	6	2	657281	758773	657281	0			
26	110	0.846	1382	0.86	0	0	6	0	0	0	5990412	0	2	5741493	5990412	5741493	0			
27	123	0.946	1476	0.982	0	0	0	0	0	0	305037	0	2	116609	305037	116609	0			
28	93	0.678	1164	0.714	0	0	0	0	0	0	89285	0	2	38751	89285	38751	0			
29	134	0.74	1574	0.731	0	0	0	0	0	0	138408	0	2	13284	138408	13284	0			
30	110	0.852	1382	0.899	0	0	1	0	0	0	434150	0	2	351585	434150	351585	0			
31	104	0.945	1226	0.892	0	0	0	0	0	0	464306	0	2	389305	464306	389305	0			
32	52	0.342	638	0.337	0	0	0	0	0	0	207646	0	1	207646	207646	0	0			
33	114	0.78	1390	0.797	0	0	0	0	0	0	154241	0	2	79458	154241	79458	0			
34	9	0.058	96	0.053	0	0	0	0	0	0	450464	0	1	450464	450464	0	0			
35	125	0.968	1508	1.005	0	0	0	0	0	0	179893	0	2	82881	179893	82881	0			
36	90	0.882	1094	0.919	0	0	0	0	0	0	241687	0	2	182180	241687	182180	0			
37	9	0.056	96	0.05	0	0	1	0	0	0	398041	0	1	398041	398041	0	0			
38	104	0.845	1278	0.863	0	0	1	0	0	0	131037	0	2	71030	131037	71030	0			
39	97	0.906	1172	0.887	0	0	0	0	0	0	503595	0	2	433385	503595	433385	0			
40	121	0.801	1500	0.818	0	0	1	0	0	0	373313	0	2	300347	373313	300347	0			
41	110	0.82	1378	0.823	0	0	0	0	0	0	284364	0	2	213586	284364	213586	0			
42	90	0.782	1122	0.792	0	0	0	0	0	0	416919	0	2	352843	416919	352843	0			
43	100	0.813	1270	0.818	0	0	0	0	0	0	211972	0	2	68435	211972	68435	0			
44	90	0.947	1122	1.016	0	0	0	0	0	0	178060	0	2	121960	178060	121960	0			
45	101	0.841	1340	0.921	0	0	0	0	0	0	439107	0	2	362215	439107	362215	0			
46	99	0.767	1244	0.801	0	0	0	0	0	0	263505	0	2	170264	263505	170264	0			
47	98	1.0	1210	1.048	0	0	0	0	0	0	269142	0	2	204375	269142	204375	0			
48	101	1.0	1252	0.993	0	0	0	0	0	0	701836	0	2	632055	701836	632055	0			
49	130	0.828	1606	0.847	0	0	0	0	0	0	414075	0	2	329998	414075	329998	0			
50	115	0.68	1512	0.757	0	0	0	0	0	0	336287	0	2	268357	336287	268357	0			
51	103	1.019	1296	1.048	0	0	0	0	0	0	215047	0	2	135260	215047	135260	0			
52	90	0.769	1102	0.765	0	0	0	0	0	0	440428	0	2	379969	440428	379969	0			
53	118	0.861	1366	0.866	0	0	1	0	0	0	417911	0	2	333225	417911	333225	0			
54	123	0.911	1516	0.954	0	0	1	0	0	0	590742	0	2	516319	590742	516319	0			
55	120	0.789	1442	0.782	0	0	0	0	0	0	105370	0	2	29165	105370	29165	0			
56	115	0.982	1432	0.991	0	0	0	0	0	0	379476	0	2	286607	379476	286607	0			
57	100	0.934	1134	0.88	0	0	0	0	0	0	204319	0	2	130289	204319	130289	0			
58	120	0.805	1390	0.767	164	308	1	33	163	195	800837	0	2	5805	800837	5805	0			
59	91	0.745	1144	0.788	0	0	0	0	0	0	85325	0	2	13209	85325	13209	0			
60	122	0.871	1438	0.906	0	0	0	0	0	0	155615	0	2	78479	155615	78479	0			
61	105	0.724	1360	0.772	0	0	1	0	0	0	304595	0	2	201155	304595	201155	0			
62	107	0.869	1272	0.903	0	0	0	0	0	0	56792	0	2	8227	56792	8227	0			
63	101	0.814	1240	0.855	0	0	1	0	0	0	835035	0	2	752462	835035	752462	0			
64	88	0.661	1138	0.722	0	0	9	0	0	0	8243485	0	2	131733	8243485	131733	0			
65	102	0.91	1238	0.925	75	151	1	19	74	93	220071	0	2	20277	220071	20277	0			
66	127	0.881	1472	0.907	0	0	0	0	0	0	146712	0	2	70494	146712	70494	0			
67	120	0.851	1566	0.916	0	0	0	0	0	0	197266	0	2	110331	197266	110331	0			
68	103	0.751	1224	0.766	0	0	0	0	0	0	142119	0	2	39889	142119	39889	0			
69	118	0.874	1394	0.88	0	0	0	0	0	0	762005	0	2	77849	762005	77849	0			
70	103	0.792	1272	0.84	0	0	0	0	0	0	206398	0	2	128273	206398	128273	0			
71	105	0.913	1344	0.946	0	0	0	0	0	0	80723	0	2	14943	80723	14943	0			
72	103	1.04	1196	0.931	0	0	0	0	0	0	126345	0	2	59385	126345	59385	0			
73	129	0.877	1540	0.891	0	0	0	0	0	0	178752	0	2	90816	178752	90816	0			
74	108	1.09	1366	1.145	0	0	0	0	0	0	106800	0	2	29195	106800	29195	0			
75	101	0.855	1232	0.842	0	0	0	0	0	0	152459	0	2	81551	152459	81551	0			
76	109	0.879	1252	0.885	120	243	1	25	119	142	1486101	0	2	471364	1486101	471364	0			
77	101	0.909	1208	0.901	0	0	1	0	0	0	684190	0	2	298756	684190	298756	0			
78	95	0.818	1164	0.844	0	0	1	0	0	0	136160	0	2	39167	136160	39167	0			
79	9	0.059	96	0.054	0	0	2	0	0	0	1149340	0	1	1149340	1149340	0	0			
80	98	0.742	1206	0.776	0	0	0	0	0	0	176021	0	2	102197	176021	102197	0			
81	107	0.946	1316	0.934	0	0	0	0	0	0	154800	0	2	73569	154800	73569	0			
82	99	0.876	1228	0.892	0	0	1	0	0	0	150207	0	2	30217	150207	30217	0			
83	123	0.836	1480	0.868	0	0	0	0	0	0	83985	0	2	7772	83985	7772	0			
84	98	0.796	1190	0.838	0	0	0	0	0	0	136412	0	2	69812	136412	69812	0			
85	95	0.791	1228	0.846	0	0	0	0	0	0	88522	0	2	30577	88522	30577	0			
86	118	0.786	1434	0.778	0	0	0	0	0	0	77393	0	2	7959	77393	7959	0			
87	88	0.988	1102	0.98	0	0	0	0	0	0	74993	0	2	22935	74993	22935	0			
88	106	0.821	1334	0.859	0	0	0	0	0	0	95359	0	2	33721	95359	33721	0			
89	90	0.703	1166	0.75	0	0	0	0	0	0	208522	0	2	146886	208522	146886	0			
90	88	0.727	1106	0.776	0	0	0	0	0	0	146839	0	2	88204	146839	88204	0			
91	113	0.724	1476	0.785	0	0	0	0	0	0	172116	0	2	106759	172116	106759	0			
92	110	0.833	1306	0.797	0	0	0	0	0	0	109644	0	2	36224	109644	36224	0			
93	106	1.039	1298	1.006	0	0	0	0	0	0	139135	0	2	80758	139135	80758	0			
94	98	0.736	1234	0.746	0	0	0	0	0	0	169610	0	2	87477	169610	87477	0			
95	99	0.86	1188	0.876	0	0	0	0	0	0	68783	0	2	6746	68783	6746	0			
96	104	0.818	1282	0.845	0	0	0	0	0	0	274119	0	2	198481	274119	198481	0			
97	95	0.778	1156	0.773	0	0	0	0	0	0	115853	0	2	53176	115853	53176	0			
98	97	0.718	1212	0.731	0	0	0	0	0	0	158836	0	2	98667	158836	98667	0			
99	9	0.065	96	0.059	0	0	1	0	0	0	35871	0	1	35871	35871	0	0			
100	105	0.724	1316	0.749	0	0	22	0	0	0	21880392	0	2	21878	21880392	21878	0			
