Num	Len	 SubL	 Cost	 SubC	 SE	 SU	 Time	 OL	 CL	 MM	MT
1	162	1.0	1894	1.0	0	0	54	0	0	0	52973201	8	1	142455	52973201	142455	0			
2	147	1.0	1768	1.0	0	0	1	0	0	0	469076	0	1	41832	469076	41832	0			
3	24	1.0	258	1.0	0	0	21	0	0	0	1019550	0	1	1019550	1019550	0	0			
4	104	1.0	1278	1.0	0	0	6	0	0	0	723644	0	1	58194	723644	58194	0			
5	32	1.0	354	1.0	0	0	2	0	0	0	1027744	0	1	1027744	1027744	0	0			
6	104	1.0	1270	1.0	0	0	1	0	0	0	359473	0	1	62636	359473	62636	0			
7	28	1.0	342	1.0	0	0	1	0	0	0	394718	0	1	394718	394718	0	0			
8	153	1.0	1908	1.0	0	0	1	0	0	0	479067	4	1	59355	479067	59355	0			
9	24	1.0	258	1.0	0	0	0	0	0	0	443248	0	1	443248	443248	0	0			
10	42	1.0	474	1.0	0	0	1	0	0	0	391806	0	1	391806	391806	0	0			
11	24	1.0	258	1.0	0	0	8	0	0	0	531174	0	1	531174	531174	0	0			
12	121	1.0	1492	1.0	0	0	15	0	0	0	14736420	4	2	393061	14736420	393061	0			
13	92	1.0	1098	1.0	0	0	0	0	0	0	278183	0	1	40930	278183	40930	0			
14	113	1.0	1404	1.0	0	0	0	0	0	0	321468	0	1	17111	321468	17111	0			
15	24	1.0	258	1.0	0	0	1	0	0	0	377259	0	1	377259	377259	0	0			
16	24	1.0	258	1.0	0	0	4	0	0	0	3522628	0	1	3522628	3522628	0	0			
17	139	1.0	1700	1.0	0	0	1	0	0	0	549812	0	1	487672	549812	487672	0			
18	151	1.0	1836	1.0	0	0	0	0	0	0	449136	0	1	16106	449136	16106	0			
19	141	1.0	1640	1.0	0	0	1	0	0	0	474985	7	1	15034	474985	15034	0			
20	24	1.0	258	1.0	0	0	1	0	0	0	307062	0	1	307062	307062	0	0			
21	24	1.0	258	1.0	0	0	1	0	0	0	306931	0	1	306931	306931	0	0			
22	42	1.0	474	1.0	0	0	6	0	0	0	5727052	0	1	5727052	5727052	0	0			
23	24	1.0	258	1.0	0	0	0	0	0	0	324002	0	1	324002	324002	0	0			
24	32	1.0	354	1.0	0	0	1	0	0	0	355696	0	1	355696	355696	0	0			
25	24	1.0	258	1.0	0	0	1	0	0	0	379381	0	1	379381	379381	0	0			
26	99	1.0	1244	1.0	0	0	0	0	0	0	254068	0	1	22351	254068	22351	0			
27	131	1.0	1508	1.0	0	0	40	0	0	0	39505307	3	1	17908	39505307	17908	0			
28	33	1.0	360	1.0	0	0	2	0	0	0	1745329	0	1	1745329	1745329	0	0			
29	24	1.0	258	1.0	0	0	1	0	0	0	432662	0	1	432662	432662	0	0			
30	129	1.0	1544	1.0	0	0	1	0	0	0	276904	0	1	263409	276904	263409	0			
31	118	1.0	1414	1.0	0	0	0	0	0	0	282319	0	1	40444	282319	40444	0			
32	32	1.0	346	1.0	0	0	1	0	0	0	516948	0	1	516948	516948	0	0			
33	24	1.0	258	1.0	0	0	1	0	0	0	313075	0	1	313075	313075	0	0			
34	24	1.0	258	1.0	0	0	1	0	0	0	762925	0	1	762925	762925	0	0			
35	130	1.0	1498	1.0	0	0	1	0	0	0	494847	3	1	15297	494847	15297	0			
36	24	1.0	258	1.0	0	0	1	0	0	0	328300	0	1	328300	328300	0	0			
37	24	1.0	258	1.0	0	0	0	0	0	0	299842	0	1	299842	299842	0	0			
38	123	1.0	1472	1.0	0	0	0	0	0	0	260448	0	1	198382	260448	198382	0			
39	28	1.0	342	1.0	0	0	0	0	0	0	398020	0	1	398020	398020	0	0			
40	143	1.0	1744	1.0	0	0	0	0	0	0	413132	0	1	10502	413132	10502	0			
41	131	1.0	1600	1.0	0	0	1	0	0	0	446968	0	1	19802	446968	19802	0			
42	115	1.0	1456	1.0	0	0	0	0	0	0	342082	4	1	7948	342082	7948	0			
43	123	1.0	1552	1.0	0	0	0	0	0	0	454884	4	1	13265	454884	13265	0			
44	104	1.0	1206	1.0	0	0	1	0	0	0	277510	0	1	10925	277510	10925	0			
45	120	1.0	1454	1.0	0	0	0	0	0	0	299284	0	1	45599	299284	45599	0			
46	24	1.0	258	1.0	0	0	2	0	0	0	1867250	0	1	1867250	1867250	0	0			
47	99	1.0	1160	1.0	0	0	0	0	0	0	201589	0	1	16904	201589	16904	0			
48	101	1.0	1260	1.0	0	0	1	0	0	0	225101	0	1	38004	225101	38004	0			
49	149	1.0	1816	1.0	0	0	1	0	0	0	1000883	0	1	8441	1000883	8441	0			
50	163	1.0	1928	1.0	0	0	1	0	0	0	421613	0	1	23175	421613	23175	0			
51	101	1.0	1236	1.0	0	0	2	0	0	0	1584435	4	1	12559	1584435	12559	0			
52	130	1.0	1622	1.0	0	0	1	0	0	0	369063	4	1	13964	369063	13964	0			
53	24	1.0	258	1.0	0	0	2	0	0	0	1489940	0	1	1489940	1489940	0	0			
54	24	1.0	258	1.0	0	0	2	0	0	0	1403461	0	1	1403461	1403461	0	0			
55	24	1.0	258	1.0	0	0	1	0	0	0	463427	0	1	463427	463427	0	0			
56	31	1.0	364	1.0	0	0	0	0	0	0	468075	0	1	468075	468075	0	0			
57	24	1.0	278	1.0	0	0	0	0	0	0	220205	0	1	220205	220205	0	0			
58	24	1.0	258	1.0	0	0	1	0	0	0	569072	0	1	569072	569072	0	0			
59	24	1.0	258	1.0	0	0	0	0	0	0	348160	0	1	348160	348160	0	0			
60	24	1.0	258	1.0	0	0	0	0	0	0	298832	0	1	298832	298832	0	0			
61	28	1.0	342	1.0	0	0	1	0	0	0	450487	0	1	450487	450487	0	0			
62	24	1.0	258	1.0	0	0	1	0	0	0	496117	0	1	496117	496117	0	0			
63	24	1.0	258	1.0	0	0	1	0	0	0	1046569	0	1	1046569	1046569	0	0			
64	132	1.0	1618	1.0	0	0	0	0	0	0	394650	4	1	24905	394650	24905	0			
65	112	1.0	1386	1.0	0	0	0	0	0	0	307042	2	1	14601	307042	14601	0			
66	24	1.0	258	1.0	0	0	1	0	0	0	380005	0	1	380005	380005	0	0			
67	136	1.0	1606	1.0	0	0	0	0	0	0	346280	0	1	16489	346280	16489	0			
68	24	1.0	258	1.0	0	0	0	0	0	0	288696	0	1	288696	288696	0	0			
69	125	1.0	1476	1.0	0	0	0	0	0	0	318281	0	1	16976	318281	16976	0			
70	24	1.0	258	1.0	0	0	1	0	0	0	592556	0	1	592556	592556	0	0			
71	115	1.0	1420	1.0	0	0	1	0	0	0	1111154	0	1	48958	1111154	48958	0			
72	28	1.0	342	1.0	0	0	1	0	0	0	1199654	0	1	1199654	1199654	0	0			
73	24	1.0	258	1.0	0	0	0	0	0	0	398153	0	1	398153	398153	0	0			
74	99	1.0	1192	1.0	0	0	1	0	0	0	375570	4	1	13811	375570	13811	0			
75	24	1.0	258	1.0	0	0	0	0	0	0	330777	0	1	330777	330777	0	0			
76	24	1.0	258	1.0	0	0	1	0	0	0	653161	0	1	653161	653161	0	0			
77	111	1.0	1340	1.0	0	0	1	0	0	0	254487	0	1	149055	254487	149055	0			
78	114	1.0	1406	1.0	0	0	0	0	0	0	323613	2	1	15083	323613	15083	0			
79	24	1.0	258	1.0	0	0	1	0	0	0	315729	0	1	315729	315729	0	0			
80	24	1.0	258	1.0	0	0	1	0	0	0	517217	0	1	517217	517217	0	0			
81	31	1.0	364	1.0	0	0	1	0	0	0	427976	0	1	427976	427976	0	0			
82	106	1.0	1262	1.0	0	0	1	0	0	0	530324	0	1	10076	530324	10076	0			
83	24	1.0	258	1.0	0	0	1	0	0	0	525826	0	1	525826	525826	0	0			
84	24	1.0	258	1.0	0	0	1	0	0	0	448164	0	1	448164	448164	0	0			
85	115	1.0	1356	1.0	0	0	0	0	0	0	428155	0	1	27012	428155	27012	0			
86	24	1.0	258	1.0	0	0	0	0	0	0	601995	0	1	601995	601995	0	0			
87	89	1.0	1124	1.0	0	0	1	0	0	0	502331	0	1	502331	502331	0	0			
88	24	1.0	258	1.0	0	0	0	0	0	0	436094	0	1	436094	436094	0	0			
89	128	1.0	1554	1.0	0	0	0	0	0	0	579067	4	1	26302	579067	26302	0			
90	24	1.0	258	1.0	0	0	5	0	0	0	4024479	0	1	4024479	4024479	0	0			
91	150	1.0	1818	1.0	0	0	1	0	0	0	595050	0	1	26100	595050	26100	0			
92	28	1.0	342	1.0	0	0	1	0	0	0	916868	0	1	916868	916868	0	0			
93	98	1.0	1186	1.0	0	0	0	0	0	0	334933	0	1	17183	334933	17183	0			
94	121	1.0	1516	1.0	0	0	1	0	0	0	690272	4	1	27440	690272	27440	0			
95	24	1.0	258	1.0	0	0	1	0	0	0	458908	0	1	458908	458908	0	0			
96	24	1.0	258	1.0	0	0	7	0	0	0	358030	0	1	358030	358030	0	0			
97	24	1.0	258	1.0	0	0	0	0	0	0	411839	0	1	411839	411839	0	0			
98	135	1.0	1656	1.0	0	0	0	0	0	0	646167	4	1	29296	646167	29296	0			
99	24	1.0	258	1.0	0	0	13	0	0	0	12114496	0	1	12114496	12114496	0	0			
100	139	1.0	1688	1.0	0	0	1	0	0	0	564199	0	1	20542	564199	20542	0			
