Num	Len	 SubL	 Cost	 SubC	 SE	 SU	 Time	 OL	 CL	 MM	MT
1	162	0.993	161	0.993	0	0	1	0	0	0	111713	8	1	44074	111713	44074	0			
2	147	0.93	146	0.929	0	0	0	0	0	0	47138	0	1	35178	47138	35178	0			
3	169	1.049	168	1.05	0	0	1	0	0	0	78279	1	1	42236	78279	42236	0			
4	104	0.764	103	0.762	0	0	0	0	0	0	61527	0	1	32376	61527	32376	0			
5	123	0.96	122	0.96	0	0	0	0	0	0	70609	0	1	39802	70609	39802	0			
6	104	0.8	103	0.798	0	0	1	0	0	0	71677	0	2	55057	71677	55057	0			
7	110	0.763	109	0.762	0	0	0	0	0	0	45270	0	1	34323	45270	34323	0			
8	153	1.033	152	1.034	0	0	1	0	0	0	55824	4	2	49970	55824	49970	0			
9	152	1.041	151	1.041	0	0	0	0	0	0	221563	1	1	51439	221563	51439	0			
10	136	1.105	135	1.106	0	0	1	0	0	0	34190	0	1	33463	34190	33463	0			
11	172	0.934	171	0.934	0	0	1	0	0	0	49495	0	1	40954	49495	40954	0			
12	121	0.902	120	0.902	0	0	48	0	0	0	47339083	4	2	97219	47339083	97219	0			
13	92	0.736	91	0.733	0	0	0	0	0	0	82581	0	1	27772	82581	27772	0			
14	113	0.856	112	0.854	0	0	0	0	0	0	90896	0	1	13045	90896	13045	0			
15	122	0.89	121	0.889	0	0	1	0	0	0	393292	0	2	66530	393292	66530	0			
16	182	1.096	181	1.096	0	0	0	0	0	0	70977	1	1	12582	70977	12582	0			
17	139	0.785	138	0.784	0	0	1	0	0	0	383184	0	2	382280	383184	382280	0			
18	151	0.872	150	0.872	0	0	0	0	0	0	57007	0	1	13958	57007	13958	0			
19	141	0.933	140	0.933	0	0	0	0	0	0	89289	7	1	17407	89289	17407	0			
20	155	1.107	154	1.107	0	0	1	0	0	0	156841	0	1	14762	156841	14762	0			
21	130	0.807	129	0.806	0	0	0	0	0	0	45237	0	1	26767	45237	26767	0			
22	153	1.159	152	1.16	0	0	0	0	0	0	94219	0	1	10152	94219	10152	0			
23	173	1.081	172	1.081	0	0	0	0	0	0	47355	0	1	22789	47355	22789	0			
24	125	0.984	124	0.984	0	0	0	0	0	0	79640	0	1	5084	79640	5084	0			
25	152	0.938	151	0.937	0	0	0	0	0	0	35945	1	1	17360	35945	17360	0			
26	99	0.682	98	0.68	0	0	0	0	0	0	37279	0	1	14796	37279	14796	0			
27	131	0.867	130	0.866	0	0	0	0	0	0	36119	3	1	15094	36119	15094	0			
28	160	1.269	159	1.272	0	0	14	0	0	0	60728	0	1	8470	60728	8470	0			
29	191	1.043	190	1.043	0	0	0	0	0	0	48408	0	1	15591	48408	15591	0			
30	129	0.843	128	0.842	0	0	0	0	0	0	262696	0	2	36796	262696	36796	0			
31	118	0.825	117	0.823	0	0	0	0	0	0	51564	0	1	41620	51564	41620	0			
32	153	1.055	152	1.055	0	0	0	0	0	0	171303	0	1	20043	171303	20043	0			
33	151	0.949	150	0.949	0	0	0	0	0	0	42079	0	1	4521	42079	4521	0			
34	159	1.169	158	1.17	0	0	1	0	0	0	28396	1	1	25002	28396	25002	0			
35	130	0.833	129	0.832	0	0	1	0	0	0	44184	3	1	11221	44184	11221	0			
36	113	0.837	112	0.835	0	0	0	0	0	0	44479	0	1	21060	44479	21060	0			
37	163	1.051	162	1.051	0	0	0	0	0	0	47587	1	1	12972	47587	12972	0			
38	123	0.842	122	0.841	0	0	0	0	0	0	222419	0	2	36251	222419	36251	0			
39	112	0.848	111	0.847	0	0	15	0	0	0	14815222	4	1	16685	14815222	16685	0			
40	143	0.916	142	0.916	0	0	0	0	0	0	53984	0	1	8198	53984	8198	0			
41	131	0.85	130	0.849	0	0	0	0	0	0	87334	0	1	14110	87334	14110	0			
42	115	0.898	114	0.897	0	0	0	0	0	0	38154	4	1	4984	38154	4984	0			
43	123	0.831	122	0.829	0	0	0	0	0	0	79481	4	1	8963	79481	8963	0			
44	104	0.812	103	0.811	0	0	0	0	0	0	32882	0	1	6003	32882	6003	0			
45	120	0.789	119	0.788	0	0	0	0	0	0	65407	0	2	29484	65407	29484	0			
46	134	0.899	133	0.898	0	0	0	0	0	0	44721	0	1	7968	44721	7968	0			
47	99	0.727	98	0.725	0	0	0	0	0	0	27615	0	1	11332	27615	11332	0			
48	101	0.765	100	0.763	0	0	0	0	0	0	30907	0	1	28644	30907	28644	0			
49	149	0.914	148	0.913	0	0	0	0	0	0	34000	0	1	5311	34000	5311	0			
50	163	0.993	162	0.993	0	0	0	0	0	0	38886	0	1	14129	38886	14129	0			
51	101	0.753	100	0.751	0	0	0	0	0	0	58709	4	1	9865	58709	9865	0			
52	130	0.992	129	0.992	0	0	0	0	0	0	29601	4	1	8952	29601	8952	0			
53	161	1.0	160	1.0	0	0	0	0	0	0	30445	1	1	6715	30445	6715	0			
54	152	0.955	151	0.955	0	0	0	0	0	0	23840	1	1	14414	23840	14414	0			
55	182	1.103	181	1.103	0	0	0	0	0	0	35080	1	1	6879	35080	6879	0			
56	139	0.952	138	0.951	0	0	1	0	0	0	404204	0	1	23814	404204	23814	0			
57	108	0.83	107	0.829	0	0	0	0	0	0	34005	0	1	6061	34005	6061	0			
58	168	1.0	167	1.0	0	0	0	0	0	0	46626	0	1	6139	46626	6139	0			
59	111	0.84	110	0.839	0	0	0	0	0	0	191515	0	2	29454	191515	29454	0			
60	149	0.961	148	0.961	0	0	0	0	0	0	48429	0	1	8642	48429	8642	0			
61	148	0.993	147	0.993	0	0	0	0	0	0	63302	4	1	5189	63302	5189	0			
62	117	0.873	116	0.872	0	0	1	0	0	0	1227849	0	2	77215	1227849	77215	0			
63	141	1.029	140	1.029	0	0	2	0	0	0	23549	1	1	13918	23549	13918	0			
64	132	1.073	131	1.073	0	0	0	0	0	0	30355	4	1	16944	30355	16944	0			
65	112	0.842	111	0.84	0	0	1	0	0	0	75810	2	1	10403	75810	10403	0			
66	169	1.043	168	1.043	0	0	1	0	0	0	30550	1	1	14119	30550	14119	0			
67	136	0.8	135	0.798	0	0	0	0	0	0	34130	0	1	11421	34130	11421	0			
68	142	1.092	141	1.093	0	0	0	0	0	0	40276	0	1	16185	40276	16185	0			
69	125	0.844	124	0.843	0	0	1	0	0	0	79821	0	1	14801	79821	14801	0			
70	149	1.064	148	1.064	0	0	0	0	0	0	29745	1	1	6333	29745	6333	0			
71	115	0.761	114	0.76	0	0	0	0	0	0	60510	0	2	33978	60510	33978	0			
72	117	0.866	116	0.865	0	0	1	0	0	0	42240	4	1	8763	42240	8763	0			
73	166	1.0	165	1.0	0	0	0	0	0	0	32881	1	1	14112	32881	14112	0			
74	99	0.785	98	0.784	0	0	0	0	0	0	111160	4	1	9290	111160	9290	0			
75	131	0.929	130	0.928	0	0	0	0	0	0	35137	0	1	8343	35137	8343	0			
76	148	1.057	147	1.057	0	0	0	0	0	0	39077	1	1	8546	39077	8546	0			
77	111	0.798	110	0.797	0	0	0	0	0	0	144475	0	2	118161	144475	118161	0			
78	114	0.912	113	0.911	0	0	0	0	0	0	32739	2	1	9730	32739	9730	0			
79	162	1.08	161	1.08	0	0	0	0	0	0	25992	1	1	13918	25992	13918	0			
80	148	0.98	147	0.98	0	0	1	0	0	0	262553	0	1	7483	262553	7483	0			
81	135	0.931	134	0.93	0	0	1	0	0	0	24254	0	1	6576	24254	6576	0			
82	106	0.861	105	0.86	0	0	0	0	0	0	159835	0	1	3799	159835	3799	0			
83	166	1.037	165	1.037	0	0	0	0	0	0	37892	1	1	9855	37892	9855	0			
84	153	1.04	152	1.041	0	0	0	0	0	0	51567	1	1	6743	51567	6743	0			
85	115	0.839	114	0.838	0	0	0	0	0	0	46667	0	1	11468	46667	11468	0			
86	180	1.071	179	1.071	0	0	0	0	0	0	34409	1	1	6540	34409	6540	0			
87	89	0.684	88	0.682	0	0	0	0	0	0	67240	0	1	67240	67240	0	0			
88	125	0.796	124	0.794	0	0	0	0	0	0	97045	0	2	25473	97045	25473	0			
89	128	0.934	127	0.933	0	0	0	0	0	0	49125	4	1	14922	49125	14922	0			
90	124	0.976	123	0.976	0	0	0	0	0	0	19904	0	1	4682	19904	4682	0			
91	150	0.914	149	0.914	0	0	0	0	0	0	41395	0	1	12385	41395	12385	0			
92	138	0.907	137	0.907	0	0	0	0	0	0	63456	4	1	9464	63456	9464	0			
93	98	0.69	97	0.687	0	0	0	0	0	0	42039	0	1	4378	42039	4378	0			
94	121	0.876	120	0.875	0	0	0	0	0	0	48208	4	1	7003	48208	7003	0			
95	111	0.847	110	0.846	0	0	0	0	0	0	89359	0	2	30356	89359	30356	0			
96	130	0.921	129	0.921	0	0	0	0	0	0	21997	0	1	5686	21997	5686	0			
97	135	1.046	134	1.046	0	0	1	0	0	0	26879	0	1	18400	26879	18400	0			
98	135	0.95	134	0.95	0	0	0	0	0	0	118953	4	1	10333	118953	10333	0			
99	153	1.15	152	1.151	0	0	0	0	0	0	40859	1	1	17630	40859	17630	0			
100	139	0.992	138	0.992	0	0	0	0	0	0	31152	0	1	5612	31152	5612	0			
